1.4614e+02 1.9476e+01 1.4436e-03 -1.4517e+02 4.4923e-02
1.5106e+02 1.9801e+01 2.9010e-03 -1.4519e+02 4.6436e-02
1.5600e+02 2.0122e+01 4.3970e-03 -1.4529e+02 4.7952e-02
1.6081e+02 2.0430e+01 5.9098e-03 -1.4545e+02 4.9431e-02
1.6538e+02 2.0718e+01 7.4486e-03 -1.4569e+02 5.0836e-02
1.6962e+02 2.0983e+01 9.0159e-03 -1.4599e+02 5.2141e-02
1.7349e+02 2.1220e+01 1.0602e-02 -1.4635e+02 5.3330e-02
1.7695e+02 2.1431e+01 1.2208e-02 -1.4677e+02 5.4395e-02
1.8002e+02 2.1616e+01 1.3830e-02 -1.4723e+02 5.5339e-02
1.8272e+02 2.1778e+01 1.5460e-02 -1.4774e+02 5.6167e-02
1.8508e+02 2.1918e+01 1.7092e-02 -1.4828e+02 5.6892e-02
1.8714e+02 2.2040e+01 1.8728e-02 -1.4885e+02 5.7527e-02
1.8896e+02 2.2146e+01 2.0368e-02 -1.4945e+02 5.8085e-02
1.9056e+02 2.2240e+01 2.2013e-02 -1.5008e+02 5.8578e-02
1.9200e+02 2.2324e+01 2.3664e-02 -1.5073e+02 5.9020e-02
1.9330e+02 2.2399e+01 2.5320e-02 -1.5140e+02 5.9421e-02
1.9450e+02 2.2469e+01 2.6979e-02 -1.5209e+02 5.9790e-02
1.9562e+02 2.2533e+01 2.8642e-02 -1.5279e+02 6.0134e-02
1.9669e+02 2.2595e+01 3.0307e-02 -1.5351e+02 6.0462e-02
1.9772e+02 2.2654e+01 3.1975e-02 -1.5425e+02 6.0778e-02
1.9872e+02 2.2711e+01 3.3644e-02 -1.5500e+02 6.1086e-02
1.9971e+02 2.2768e+01 3.5315e-02 -1.5577e+02 6.1392e-02
2.0071e+02 2.2824e+01 3.6986e-02 -1.5656e+02 6.1697e-02
2.0171e+02 2.2881e+01 3.8658e-02 -1.5736e+02 6.2005e-02
2.0272e+02 2.2939e+01 4.0329e-02 -1.5817e+02 6.2317e-02
2.0376e+02 2.2997e+01 4.2001e-02 -1.5901e+02 6.2636e-02
2.0483e+02 2.3057e+01 4.3672e-02 -1.5986e+02 6.2963e-02
2.0592e+02 2.3119e+01 4.5343e-02 -1.6073e+02 6.3299e-02
2.0705e+02 2.3182e+01 4.7014e-02 -1.6161e+02 6.3646e-02
2.0822e+02 2.3247e+01 4.8684e-02 -1.6252e+02 6.4005e-02
2.0943e+02 2.3315e+01 5.0353e-02 -1.6344e+02 6.4377e-02
2.1068e+02 2.3385e+01 5.2021e-02 -1.6438e+02 6.4762e-02
2.1198e+02 2.3457e+01 5.3689e-02 -1.6534e+02 6.5162e-02
2.1333e+02 2.3531e+01 5.5356e-02 -1.6633e+02 6.5578e-02
2.1474e+02 2.3609e+01 5.7023e-02 -1.6734e+02 6.6009e-02
2.1619e+02 2.3689e+01 5.8689e-02 -1.6837e+02 6.6457e-02
2.1771e+02 2.3771e+01 6.0354e-02 -1.6942e+02 6.6923e-02
2.1928e+02 2.3857e+01 6.2018e-02 -1.7050e+02 6.7406e-02
2.2092e+02 2.3946e+01 6.3682e-02 -1.7161e+02 6.7909e-02
2.2261e+02 2.4038e+01 6.5346e-02 -1.7274e+02 6.8430e-02
2.2437e+02 2.4132e+01 6.7008e-02 -1.7391e+02 6.8971e-02
2.2619e+02 2.4230e+01 6.8669e-02 -1.7511e+02 6.9531e-02
2.2807e+02 2.4331e+01 7.0329e-02 -1.7633e+02 7.0109e-02
2.3002e+02 2.4434e+01 7.1988e-02 -1.7759e+02 7.0706e-02
2.3202e+02 2.4540e+01 7.3645e-02 -1.7888e+02 7.1321e-02
2.3407e+02 2.4648e+01 7.5302e-02 -1.8021e+02 7.1952e-02
2.3616e+02 2.4758e+01 7.6957e-02 -1.8158e+02 7.2595e-02
2.3829e+02 2.4869e+01 7.8610e-02 -1.8299e+02 7.3248e-02
2.4043e+02 2.4981e+01 8.0262e-02 -1.8443e+02 7.3907e-02
2.4257e+02 2.5092e+01 8.1912e-02 -1.8592e+02 7.4565e-02
2.4468e+02 2.5201e+01 8.3560e-02 -1.8744e+02 7.5215e-02
2.4674e+02 2.5307e+01 8.5206e-02 -1.8902e+02 7.5846e-02
2.4869e+02 2.5406e+01 8.6851e-02 -1.9063e+02 7.6446e-02
2.5049e+02 2.5498e+01 8.8495e-02 -1.9229e+02 7.6999e-02
2.5207e+02 2.5579e+01 9.0138e-02 -1.9399e+02 7.7486e-02
2.5337e+02 2.5644e+01 9.1780e-02 -1.9572e+02 7.7885e-02
2.5430e+02 2.5691e+01 9.3421e-02 -1.9750e+02 7.8170e-02
2.5477e+02 2.5715e+01 9.5062e-02 -1.9932e+02 7.8315e-02
2.5469e+02 2.5711e+01 9.6703e-02 -2.0116e+02 7.8290e-02
2.5398e+02 2.5675e+01 9.8345e-02 -2.0303e+02 7.8072e-02
2.5259e+02 2.5605e+01 9.9987e-02 -2.0492e+02 7.7645e-02
2.5053e+02 2.5500e+01 1.0163e-01 -2.0682e+02 7.7011e-02
2.4787e+02 2.5365e+01 1.0328e-01 -2.0872e+02 7.6195e-02
2.4482e+02 2.5208e+01 1.0492e-01 -2.1062e+02 7.5257e-02
2.4168e+02 2.5046e+01 1.0657e-01 -2.1250e+02 7.4292e-02
2.3885e+02 2.4899e+01 1.0821e-01 -2.1435e+02 7.3420e-02
2.3671e+02 2.4787e+01 1.0985e-01 -2.1619e+02 7.2764e-02
2.3554e+02 2.4726e+01 1.1147e-01 -2.1799e+02 7.2404e-02
2.3535e+02 2.4716e+01 1.1308e-01 -2.1977e+02 7.2346e-02
2.3590e+02 2.4744e+01 1.1468e-01 -2.2151e+02 7.2514e-02
2.3679e+02 2.4791e+01 1.1627e-01 -2.2322e+02 7.2788e-02
2.3770e+02 2.4839e+01 1.1786e-01 -2.2489e+02 7.3068e-02
2.3847e+02 2.4879e+01 1.1945e-01 -2.2652e+02 7.3306e-02
2.3908e+02 2.4911e+01 1.2103e-01 -2.2812e+02 7.3493e-02
2.3953e+02 2.4934e+01 1.2261e-01 -2.2968e+02 7.3629e-02
2.3979e+02 2.4948e+01 1.2417e-01 -2.3122e+02 7.3711e-02
2.3990e+02 2.4954e+01 1.2574e-01 -2.3275e+02 7.3745e-02
2.3993e+02 2.4955e+01 1.2731e-01 -2.3428e+02 7.3753e-02
2.3992e+02 2.4954e+01 1.2887e-01 -2.3582e+02 7.3750e-02
2.3980e+02 2.4948e+01 1.3043e-01 -2.3738e+02 7.3713e-02
2.3936e+02 2.4925e+01 1.3198e-01 -2.3896e+02 7.3577e-02
2.3832e+02 2.4871e+01 1.3354e-01 -2.4056e+02 7.3260e-02
2.3654e+02 2.4778e+01 1.3510e-01 -2.4217e+02 7.2713e-02
2.3407e+02 2.4648e+01 1.3668e-01 -2.4380e+02 7.1952e-02
2.3118e+02 2.4496e+01 1.3827e-01 -2.4542e+02 7.1063e-02
2.2828e+02 2.4342e+01 1.3986e-01 -2.4703e+02 7.0173e-02
2.2583e+02 2.4211e+01 1.4145e-01 -2.4862e+02 6.9419e-02
2.2414e+02 2.4120e+01 1.4304e-01 -2.5019e+02 6.8900e-02
2.2330e+02 2.4075e+01 1.4463e-01 -2.5172e+02 6.8642e-02
2.2317e+02 2.4068e+01 1.4621e-01 -2.5322e+02 6.8602e-02
2.2348e+02 2.4084e+01 1.4780e-01 -2.5468e+02 6.8697e-02
2.2401e+02 2.4113e+01 1.4939e-01 -2.5612e+02 6.8860e-02
2.2468e+02 2.4149e+01 1.5097e-01 -2.5752e+02 6.9065e-02
2.2548e+02 2.4192e+01 1.5255e-01 -2.5891e+02 6.9310e-02
2.2636e+02 2.4239e+01 1.5413e-01 -2.6028e+02 6.9582e-02
2.2716e+02 2.4282e+01 1.5571e-01 -2.6166e+02 6.9829e-02
2.2765e+02 2.4308e+01 1.5728e-01 -2.6304e+02 6.9979e-02
2.2764e+02 2.4308e+01 1.5886e-01 -2.6443e+02 6.9977e-02
2.2712e+02 2.4280e+01 1.6043e-01 -2.6582e+02 6.9815e-02
2.2619e+02 2.4230e+01 1.6199e-01 -2.6722e+02 6.9529e-02
2.2503e+02 2.4168e+01 1.6354e-01 -2.6862e+02 6.9173e-02
2.2378e+02 2.4100e+01 1.6508e-01 -2.7003e+02 6.8788e-02
2.2252e+02 2.4032e+01 1.6660e-01 -2.7144e+02 6.8401e-02
2.2130e+02 2.3967e+01 1.6810e-01 -2.7284e+02 6.8028e-02
2.2023e+02 2.3909e+01 1.6960e-01 -2.7424e+02 6.7698e-02
2.1948e+02 2.3868e+01 1.7109e-01 -2.7562e+02 6.7467e-02
2.1927e+02 2.3856e+01 1.7259e-01 -2.7699e+02 6.7403e-02
2.1977e+02 2.3883e+01 1.7410e-01 -2.7833e+02 6.7555e-02
2.2091e+02 2.3946e+01 1.7560e-01 -2.7966e+02 6.7908e-02
2.2240e+02 2.4026e+01 1.7709e-01 -2.8097e+02 6.8364e-02
2.2377e+02 2.4100e+01 1.7859e-01 -2.8226e+02 6.8785e-02
2.2469e+02 2.4149e+01 1.8009e-01 -2.8353e+02 6.9068e-02
2.2508e+02 2.4170e+01 1.8160e-01 -2.8480e+02 6.9188e-02
2.2507e+02 2.4170e+01 1.8310e-01 -2.8608e+02 6.9186e-02
2.2485e+02 2.4158e+01 1.8461e-01 -2.8736e+02 6.9117e-02
2.2451e+02 2.4140e+01 1.8610e-01 -2.8867e+02 6.9013e-02
2.2405e+02 2.4115e+01 1.8760e-01 -2.9001e+02 6.8872e-02
2.2340e+02 2.4080e+01 1.8909e-01 -2.9138e+02 6.8674e-02
2.2252e+02 2.4033e+01 1.9057e-01 -2.9278e+02 6.8401e-02
2.2139e+02 2.3972e+01 1.9204e-01 -2.9420e+02 6.8056e-02
2.2010e+02 2.3902e+01 1.9352e-01 -2.9564e+02 6.7658e-02
2.1874e+02 2.3828e+01 1.9500e-01 -2.9709e+02 6.7241e-02
2.1743e+02 2.3756e+01 1.9648e-01 -2.9855e+02 6.6838e-02
2.1622e+02 2.3690e+01 1.9796e-01 -3.0001e+02 6.6464e-02
2.1508e+02 2.3627e+01 1.9945e-01 -3.0146e+02 6.6114e-02
2.1393e+02 2.3564e+01 2.0094e-01 -3.0288e+02 6.5760e-02
2.1266e+02 2.3494e+01 2.0244e-01 -3.0428e+02 6.5370e-02
2.1118e+02 2.3412e+01 2.0394e-01 -3.0564e+02 6.4916e-02
2.0949e+02 2.3318e+01 2.0544e-01 -3.0695e+02 6.4397e-02
2.0766e+02 2.3216e+01 2.0693e-01 -3.0822e+02 6.3834e-02
2.0588e+02 2.3116e+01 2.0842e-01 -3.0942e+02 6.3286e-02
2.0446e+02 2.3037e+01 2.0991e-01 -3.1057e+02 6.2849e-02
2.0386e+02 2.3003e+01 2.1140e-01 -3.1164e+02 6.2665e-02
2.0456e+02 2.3042e+01 2.1290e-01 -3.1267e+02 6.2881e-02
2.0681e+02 2.3168e+01 2.1440e-01 -3.1364e+02 6.3571e-02
2.1028e+02 2.3362e+01 2.1590e-01 -3.1457e+02 6.4640e-02
2.1409e+02 2.3573e+01 2.1738e-01 -3.1548e+02 6.5810e-02
2.1715e+02 2.3741e+01 2.1885e-01 -3.1638e+02 6.6751e-02
2.1883e+02 2.3833e+01 2.2032e-01 -3.1728e+02 6.7268e-02
2.1916e+02 2.3851e+01 2.2179e-01 -3.1819e+02 6.7370e-02
2.1862e+02 2.3821e+01 2.2325e-01 -3.1912e+02 6.7202e-02
2.1770e+02 2.3771e+01 2.2470e-01 -3.2008e+02 6.6920e-02
2.1674e+02 2.3718e+01 2.2615e-01 -3.2108e+02 6.6625e-02
2.1583e+02 2.3669e+01 2.2759e-01 -3.2211e+02 6.6345e-02
2.1492e+02 2.3619e+01 2.2902e-01 -3.2319e+02 6.6065e-02
2.1391e+02 2.3563e+01 2.3046e-01 -3.2431e+02 6.5755e-02
2.1276e+02 2.3500e+01 2.3189e-01 -3.2546e+02 6.5402e-02
2.1155e+02 2.3433e+01 2.3333e-01 -3.2663e+02 6.5030e-02
2.1051e+02 2.3375e+01 2.3476e-01 -3.2781e+02 6.4711e-02
2.1003e+02 2.3348e+01 2.3620e-01 -3.2899e+02 6.4562e-02
2.1050e+02 2.3375e+01 2.3764e-01 -3.3018e+02 6.4708e-02
2.1218e+02 2.3468e+01 2.3908e-01 -3.3138e+02 6.5224e-02
2.1493e+02 2.3619e+01 2.4052e-01 -3.3259e+02 6.6067e-02
2.1817e+02 2.3797e+01 2.4197e-01 -3.3381e+02 6.7066e-02
2.2115e+02 2.3959e+01 2.4343e-01 -3.3504e+02 6.7981e-02
2.2325e+02 2.4072e+01 2.4489e-01 -3.3627e+02 6.8625e-02
2.2424e+02 2.4125e+01 2.4634e-01 -3.3750e+02 6.8931e-02
2.2427e+02 2.4127e+01 2.4780e-01 -3.3873e+02 6.8940e-02
2.2361e+02 2.4091e+01 2.4925e-01 -3.3997e+02 6.8737e-02
2.2250e+02 2.4032e+01 2.5071e-01 -3.4120e+02 6.8397e-02
2.2112e+02 2.3957e+01 2.5215e-01 -3.4244e+02 6.7972e-02
2.1957e+02 2.3873e+01 2.5360e-01 -3.4369e+02 6.7496e-02
2.1797e+02 2.3785e+01 2.5504e-01 -3.4495e+02 6.7002e-02
2.1643e+02 2.3701e+01 2.5648e-01 -3.4621e+02 6.6529e-02
2.1511e+02 2.3629e+01 2.5792e-01 -3.4748e+02 6.6125e-02
2.1413e+02 2.3575e+01 2.5934e-01 -3.4875e+02 6.5822e-02
2.1347e+02 2.3539e+01 2.6076e-01 -3.5003e+02 6.5621e-02
2.1302e+02 2.3514e+01 2.6217e-01 -3.5132e+02 6.5482e-02
2.1256e+02 2.3489e+01 2.6357e-01 -3.5261e+02 6.5341e-02
2.1193e+02 2.3454e+01 2.6498e-01 -3.5390e+02 6.5146e-02
2.1105e+02 2.3405e+01 2.6639e-01 -3.5518e+02 6.4876e-02
2.0998e+02 2.3346e+01 2.6780e-01 -3.5647e+02 6.4548e-02
2.0881e+02 2.3280e+01 2.6922e-01 -3.5774e+02 6.4186e-02
2.0757e+02 2.3211e+01 2.7065e-01 -3.5901e+02 6.3807e-02
2.0625e+02 2.3137e+01 2.7208e-01 -3.6027e+02 6.3399e-02
2.0475e+02 2.3053e+01 2.7352e-01 -3.6151e+02 6.2939e-02
2.0302e+02 2.2955e+01 2.7496e-01 -3.6273e+02 6.2406e-02
2.0111e+02 2.2847e+01 2.7640e-01 -3.6392e+02 6.1819e-02
1.9929e+02 2.2744e+01 2.7784e-01 -3.6508e+02 6.1262e-02
1.9808e+02 2.2675e+01 2.7929e-01 -3.6620e+02 6.0890e-02
1.9804e+02 2.2672e+01 2.8073e-01 -3.6728e+02 6.0878e-02
1.9952e+02 2.2756e+01 2.8217e-01 -3.6833e+02 6.1330e-02
2.0228e+02 2.2914e+01 2.8359e-01 -3.6934e+02 6.2181e-02
2.0553e+02 2.3097e+01 2.8501e-01 -3.7032e+02 6.3178e-02
2.0822e+02 2.3248e+01 2.8644e-01 -3.7129e+02 6.4008e-02
2.0969e+02 2.3329e+01 2.8789e-01 -3.7226e+02 6.4457e-02
2.0980e+02 2.3336e+01 2.8934e-01 -3.7323e+02 6.4492e-02
2.0886e+02 2.3283e+01 2.9078e-01 -3.7422e+02 6.4203e-02
2.0729e+02 2.3196e+01 2.9223e-01 -3.7525e+02 6.3720e-02
2.0542e+02 2.3090e+01 2.9366e-01 -3.7632e+02 6.3144e-02
2.0340e+02 2.2977e+01 2.9508e-01 -3.7744e+02 6.2525e-02
2.0125e+02 2.2855e+01 2.9649e-01 -3.7861e+02 6.1863e-02
1.9885e+02 2.2719e+01 2.9789e-01 -3.7983e+02 6.1127e-02
1.9605e+02 2.2558e+01 2.9927e-01 -3.8109e+02 6.0265e-02
1.9270e+02 2.2364e+01 3.0065e-01 -3.8238e+02 5.9235e-02
1.8876e+02 2.2135e+01 3.0202e-01 -3.8369e+02 5.8025e-02
1.8439e+02 2.1877e+01 3.0339e-01 -3.8500e+02 5.6680e-02
1.7994e+02 2.1611e+01 3.0475e-01 -3.8630e+02 5.5313e-02
1.7605e+02 2.1376e+01 3.0612e-01 -3.8756e+02 5.4117e-02
1.7365e+02 2.1230e+01 3.0750e-01 -3.8874e+02 5.3378e-02
1.7382e+02 2.1240e+01 3.0889e-01 -3.8982e+02 5.3431e-02
1.7715e+02 2.1443e+01 3.1028e-01 -3.9076e+02 5.4457e-02
1.8262e+02 2.1771e+01 3.1168e-01 -3.9154e+02 5.6136e-02
1.8739e+02 2.2054e+01 3.1305e-01 -3.9215e+02 5.7604e-02
1.8894e+02 2.2145e+01 3.1443e-01 -3.9261e+02 5.8079e-02
1.8701e+02 2.2032e+01 3.1581e-01 -3.9294e+02 5.7486e-02
1.8322e+02 2.1807e+01 3.1718e-01 -3.9321e+02 5.6321e-02
1.7937e+02 2.1577e+01 3.1855e-01 -3.9343e+02 5.5139e-02
1.7653e+02 2.1406e+01 3.1991e-01 -3.9364e+02 5.4265e-02
1.7499e+02 2.1312e+01 3.2128e-01 -3.9385e+02 5.3792e-02
1.7460e+02 2.1288e+01 3.2265e-01 -3.9407e+02 5.3670e-02
1.7504e+02 2.1315e+01 3.2401e-01 -3.9432e+02 5.3807e-02
1.7607e+02 2.1378e+01 3.2536e-01 -3.9459e+02 5.4125e-02
1.7758e+02 2.1469e+01 3.2672e-01 -3.9489e+02 5.4588e-02
1.7953e+02 2.1587e+01 3.2810e-01 -3.9522e+02 5.5188e-02
1.8187e+02 2.1727e+01 3.2949e-01 -3.9558e+02 5.5906e-02
1.8442e+02 2.1878e+01 3.3088e-01 -3.9599e+02 5.6689e-02
1.8689e+02 2.2025e+01 3.3229e-01 -3.9644e+02 5.7450e-02
1.8900e+02 2.2149e+01 3.3370e-01 -3.9694e+02 5.8098e-02
1.9056e+02 2.2240e+01 3.3511e-01 -3.9748e+02 5.8577e-02
1.9153e+02 2.2297e+01 3.3652e-01 -3.9808e+02 5.8877e-02
1.9204e+02 2.2326e+01 3.3793e-01 -3.9873e+02 5.9031e-02
1.9224e+02 2.2338e+01 3.3933e-01 -3.9944e+02 5.9095e-02
1.9231e+02 2.2342e+01 3.4073e-01 -4.0019e+02 5.9116e-02
1.9236e+02 2.2344e+01 3.4213e-01 -4.0098e+02 5.9130e-02
1.9240e+02 2.2347e+01 3.4352e-01 -4.0181e+02 5.9144e-02
1.9242e+02 2.2348e+01 3.4490e-01 -4.0266e+02 5.9148e-02
1.9229e+02 2.2341e+01 3.4628e-01 -4.0353e+02 5.9111e-02
1.9191e+02 2.2318e+01 3.4764e-01 -4.0441e+02 5.8991e-02
1.9112e+02 2.2272e+01 3.4899e-01 -4.0528e+02 5.8749e-02
1.8981e+02 2.2196e+01 3.5033e-01 -4.0614e+02 5.8348e-02
1.8791e+02 2.2085e+01 3.5165e-01 -4.0698e+02 5.7764e-02
1.8538e+02 2.1935e+01 3.5297e-01 -4.0778e+02 5.6984e-02
1.8218e+02 2.1745e+01 3.5426e-01 -4.0855e+02 5.6001e-02
1.7830e+02 2.1512e+01 3.5555e-01 -4.0926e+02 5.4808e-02
1.7369e+02 2.1233e+01 3.5683e-01 -4.0991e+02 5.3393e-02
1.6839e+02 2.0906e+01 3.5812e-01 -4.1047e+02 5.1763e-02
1.6272e+02 2.0551e+01 3.5942e-01 -4.1093e+02 5.0020e-02
1.5778e+02 2.0237e+01 3.6074e-01 -4.1128e+02 4.8500e-02
1.5577e+02 2.0107e+01 3.6207e-01 -4.1156e+02 4.7882e-02
1.5916e+02 2.0325e+01 3.6342e-01 -4.1182e+02 4.8924e-02
1.6770e+02 2.0863e+01 3.6478e-01 -4.1212e+02 5.1549e-02
1.7634e+02 2.1394e+01 3.6617e-01 -4.1247e+02 5.4206e-02
1.7946e+02 2.1582e+01 3.6760e-01 -4.1281e+02 5.5164e-02
1.7653e+02 2.1405e+01 3.6902e-01 -4.1309e+02 5.4263e-02
1.7091e+02 2.1062e+01 3.7044e-01 -4.1328e+02 5.2538e-02
1.6585e+02 2.0748e+01 3.7186e-01 -4.1340e+02 5.0981e-02
1.6293e+02 2.0564e+01 3.7326e-01 -4.1347e+02 5.0084e-02
1.6240e+02 2.0531e+01 3.7467e-01 -4.1352e+02 4.9921e-02
1.6367e+02 2.0611e+01 3.7609e-01 -4.1359e+02 5.0312e-02
1.6580e+02 2.0745e+01 3.7752e-01 -4.1367e+02 5.0967e-02
1.6792e+02 2.0877e+01 3.7895e-01 -4.1379e+02 5.1618e-02
1.6955e+02 2.0978e+01 3.8039e-01 -4.1394e+02 5.2118e-02
1.7067e+02 2.1047e+01 3.8184e-01 -4.1414e+02 5.2464e-02
1.7158e+02 2.1103e+01 3.8331e-01 -4.1438e+02 5.2742e-02
1.7260e+02 2.1166e+01 3.8479e-01 -4.1467e+02 5.3055e-02
1.7393e+02 2.1247e+01 3.8628e-01 -4.1500e+02 5.3465e-02
1.7555e+02 2.1346e+01 3.8777e-01 -4.1538e+02 5.3963e-02
1.7723e+02 2.1448e+01 3.8927e-01 -4.1581e+02 5.4480e-02
1.7865e+02 2.1534e+01 3.9075e-01 -4.1627e+02 5.4917e-02
1.7953e+02 2.1587e+01 3.9222e-01 -4.1675e+02 5.5188e-02
1.7975e+02 2.1600e+01 3.9368e-01 -4.1724e+02 5.5255e-02
1.7937e+02 2.1577e+01 3.9513e-01 -4.1773e+02 5.5138e-02
1.7863e+02 2.1532e+01 3.9658e-01 -4.1821e+02 5.4909e-02
1.7784e+02 2.1485e+01 3.9803e-01 -4.1869e+02 5.4668e-02
1.7735e+02 2.1455e+01 3.9949e-01 -4.1915e+02 5.4517e-02
1.7741e+02 2.1459e+01 4.0095e-01 -4.1961e+02 5.4535e-02
1.7810e+02 2.1501e+01 4.0240e-01 -4.2007e+02 5.4748e-02
1.7930e+02 2.1573e+01 4.0386e-01 -4.2052e+02 5.5117e-02
1.8073e+02 2.1658e+01 4.0531e-01 -4.2098e+02 5.5555e-02
1.8207e+02 2.1739e+01 4.0675e-01 -4.2144e+02 5.5967e-02
1.8312e+02 2.1802e+01 4.0817e-01 -4.2191e+02 5.6292e-02
1.8386e+02 2.1845e+01 4.0959e-01 -4.2237e+02 5.6518e-02
1.8436e+02 2.1875e+01 4.1100e-01 -4.2283e+02 5.6672e-02
1.8476e+02 2.1899e+01 4.1241e-01 -4.2331e+02 5.6793e-02
1.8515e+02 2.1922e+01 4.1382e-01 -4.2378e+02 5.6915e-02
1.8561e+02 2.1949e+01 4.1522e-01 -4.2428e+02 5.7057e-02
1.8615e+02 2.1981e+01 4.1663e-01 -4.2479e+02 5.7223e-02
1.8676e+02 2.2017e+01 4.1803e-01 -4.2532e+02 5.7408e-02
1.8738e+02 2.2054e+01 4.1943e-01 -4.2587e+02 5.7600e-02
1.8797e+02 2.2089e+01 4.2084e-01 -4.2645e+02 5.7783e-02
1.8847e+02 2.2118e+01 4.2224e-01 -4.2704e+02 5.7936e-02
1.8881e+02 2.2137e+01 4.2364e-01 -4.2766e+02 5.8038e-02
1.8890e+02 2.2143e+01 4.2504e-01 -4.2830e+02 5.8068e-02
1.8870e+02 2.2131e+01 4.2643e-01 -4.2895e+02 5.8005e-02
1.8815e+02 2.2099e+01 4.2783e-01 -4.2962e+02 5.7837e-02
1.8728e+02 2.2048e+01 4.2922e-01 -4.3028e+02 5.7571e-02
1.8620e+02 2.1984e+01 4.3062e-01 -4.3094e+02 5.7236e-02
1.8510e+02 2.1919e+01 4.3202e-01 -4.3160e+02 5.6900e-02
1.8435e+02 2.1874e+01 4.3342e-01 -4.3225e+02 5.6668e-02
1.8431e+02 2.1872e+01 4.3482e-01 -4.3291e+02 5.6657e-02
1.8525e+02 2.1928e+01 4.3623e-01 -4.3356e+02 5.6946e-02
1.8709e+02 2.2037e+01 4.3764e-01 -4.3423e+02 5.7511e-02
1.8934e+02 2.2169e+01 4.3905e-01 -4.3491e+02 5.8203e-02
1.9132e+02 2.2284e+01 4.4046e-01 -4.3561e+02 5.8810e-02
1.9248e+02 2.2352e+01 4.4187e-01 -4.3631e+02 5.9169e-02
1.9271e+02 2.2365e+01 4.4327e-01 -4.3700e+02 5.9240e-02
1.9223e+02 2.2337e+01 4.4466e-01 -4.3769e+02 5.9090e-02
1.9138e+02 2.2288e+01 4.4604e-01 -4.3838e+02 5.8830e-02
1.9050e+02 2.2236e+01 4.4742e-01 -4.3905e+02 5.8559e-02
1.8981e+02 2.2196e+01 4.4879e-01 -4.3972e+02 5.8347e-02
1.8946e+02 2.2175e+01 4.5015e-01 -4.4040e+02 5.8238e-02
1.8950e+02 2.2178e+01 4.5150e-01 -4.4107e+02 5.8253e-02
1.8997e+02 2.2205e+01 4.5285e-01 -4.4174e+02 5.8395e-02
1.9082e+02 2.2255e+01 4.5419e-01 -4.4242e+02 5.8656e-02
1.9197e+02 2.2322e+01 4.5553e-01 -4.4310e+02 5.9011e-02
1.9331e+02 2.2400e+01 4.5687e-01 -4.4378e+02 5.9422e-02
1.9467e+02 2.2479e+01 4.5820e-01 -4.4447e+02 5.9841e-02
1.9591e+02 2.2550e+01 4.5954e-01 -4.4517e+02 6.0222e-02
1.9688e+02 2.2606e+01 4.6088e-01 -4.4588e+02 6.0519e-02
1.9748e+02 2.2640e+01 4.6223e-01 -4.4659e+02 6.0705e-02
1.9768e+02 2.2652e+01 4.6358e-01 -4.4730e+02 6.0767e-02
1.9751e+02 2.2642e+01 4.6493e-01 -4.4803e+02 6.0715e-02
1.9706e+02 2.2616e+01 4.6628e-01 -4.4875e+02 6.0575e-02
1.9644e+02 2.2581e+01 4.6763e-01 -4.4949e+02 6.0386e-02
1.9583e+02 2.2545e+01 4.6898e-01 -4.5023e+02 6.0197e-02
1.9537e+02 2.2519e+01 4.7033e-01 -4.5098e+02 6.0057e-02
1.9522e+02 2.2510e+01 4.7169e-01 -4.5175e+02 6.0010e-02
1.9543e+02 2.2522e+01 4.7305e-01 -4.5255e+02 6.0073e-02
1.9589e+02 2.2549e+01 4.7440e-01 -4.5337e+02 6.0217e-02
1.9639e+02 2.2578e+01 4.7577e-01 -4.5421e+02 6.0370e-02
1.9660e+02 2.2590e+01 4.7713e-01 -4.5508e+02 6.0434e-02
1.9627e+02 2.2570e+01 4.7850e-01 -4.5597e+02 6.0331e-02
1.9531e+02 2.2515e+01 4.7986e-01 -4.5686e+02 6.0038e-02
1.9387e+02 2.2432e+01 4.8123e-01 -4.5775e+02 5.9595e-02
1.9223e+02 2.2337e+01 4.8259e-01 -4.5863e+02 5.9089e-02
1.9073e+02 2.2250e+01 4.8396e-01 -4.5950e+02 5.8629e-02
1.8967e+02 2.2188e+01 4.8533e-01 -4.6036e+02 5.8303e-02
1.8917e+02 2.2159e+01 4.8670e-01 -4.6120e+02 5.8150e-02
1.8913e+02 2.2156e+01 4.8807e-01 -4.6204e+02 5.8138e-02
1.8925e+02 2.2163e+01 4.8945e-01 -4.6285e+02 5.8176e-02
1.8916e+02 2.2158e+01 4.9083e-01 -4.6364e+02 5.8148e-02
1.8859e+02 2.2125e+01 4.9221e-01 -4.6441e+02 5.7972e-02
1.8749e+02 2.2060e+01 4.9358e-01 -4.6515e+02 5.7634e-02
1.8602e+02 2.1974e+01 4.9496e-01 -4.6585e+02 5.7183e-02
1.8448e+02 2.1882e+01 4.9634e-01 -4.6652e+02 5.6708e-02
1.8317e+02 2.1805e+01 4.9772e-01 -4.6717e+02 5.6307e-02
1.8238e+02 2.1757e+01 4.9910e-01 -4.6780e+02 5.6062e-02
1.8223e+02 2.1749e+01 5.0048e-01 -4.6841e+02 5.6018e-02
1.8272e+02 2.1777e+01 5.0186e-01 -4.6903e+02 5.6167e-02
1.8362e+02 2.1831e+01 5.0326e-01 -4.6965e+02 5.6444e-02
1.8459e+02 2.1889e+01 5.0467e-01 -4.7029e+02 5.6743e-02
1.8529e+02 2.1930e+01 5.0609e-01 -4.7094e+02 5.6958e-02
1.8550e+02 2.1943e+01 5.0751e-01 -4.7159e+02 5.7022e-02
1.8522e+02 2.1926e+01 5.0892e-01 -4.7224e+02 5.6936e-02
1.8464e+02 2.1892e+01 5.1033e-01 -4.7289e+02 5.6757e-02
1.8401e+02 2.1854e+01 5.1173e-01 -4.7353e+02 5.6563e-02
1.8354e+02 2.1827e+01 5.1313e-01 -4.7417e+02 5.6421e-02
1.8336e+02 2.1816e+01 5.1453e-01 -4.7481e+02 5.6363e-02
1.8344e+02 2.1820e+01 5.1594e-01 -4.7546e+02 5.6388e-02
1.8368e+02 2.1835e+01 5.1735e-01 -4.7611e+02 5.6463e-02
1.8397e+02 2.1852e+01 5.1877e-01 -4.7677e+02 5.6552e-02
1.8420e+02 2.1866e+01 5.2019e-01 -4.7743e+02 5.6622e-02
1.8431e+02 2.1872e+01 5.2162e-01 -4.7810e+02 5.6656e-02
1.8427e+02 2.1870e+01 5.2305e-01 -4.7877e+02 5.6645e-02
1.8409e+02 2.1859e+01 5.2449e-01 -4.7944e+02 5.6587e-02
1.8373e+02 2.1838e+01 5.2594e-01 -4.8011e+02 5.6479e-02
1.8319e+02 2.1806e+01 5.2739e-01 -4.8077e+02 5.6313e-02
1.8245e+02 2.1761e+01 5.2884e-01 -4.8142e+02 5.6085e-02
1.8148e+02 2.1704e+01 5.3029e-01 -4.8207e+02 5.5788e-02
1.8031e+02 2.1633e+01 5.3174e-01 -4.8269e+02 5.5425e-02
1.7896e+02 2.1552e+01 5.3320e-01 -4.8330e+02 5.5010e-02
1.7752e+02 2.1466e+01 5.3465e-01 -4.8389e+02 5.4570e-02
1.7614e+02 2.1382e+01 5.3611e-01 -4.8446e+02 5.4145e-02
1.7497e+02 2.1311e+01 5.3757e-01 -4.8500e+02 5.3786e-02
1.7417e+02 2.1262e+01 5.3902e-01 -4.8551e+02 5.3539e-02
1.7383e+02 2.1241e+01 5.4048e-01 -4.8600e+02 5.3436e-02
1.7395e+02 2.1249e+01 5.4194e-01 -4.8645e+02 5.3473e-02
1.7441e+02 2.1277e+01 5.4340e-01 -4.8688e+02 5.3614e-02
1.7501e+02 2.1313e+01 5.4485e-01 -4.8727e+02 5.3797e-02
1.7552e+02 2.1344e+01 5.4628e-01 -4.8763e+02 5.3954e-02
1.7577e+02 2.1359e+01 5.4770e-01 -4.8794e+02 5.4031e-02
1.7567e+02 2.1354e+01 5.4914e-01 -4.8823e+02 5.4002e-02
1.7526e+02 2.1328e+01 5.5059e-01 -4.8848e+02 5.3873e-02
1.7463e+02 2.1290e+01 5.5204e-01 -4.8871e+02 5.3682e-02
1.7402e+02 2.1253e+01 5.5351e-01 -4.8893e+02 5.3492e-02
1.7366e+02 2.1231e+01 5.5497e-01 -4.8914e+02 5.3382e-02
1.7378e+02 2.1238e+01 5.5644e-01 -4.8937e+02 5.3418e-02
1.7444e+02 2.1278e+01 5.5790e-01 -4.8963e+02 5.3621e-02
1.7549e+02 2.1342e+01 5.5936e-01 -4.8994e+02 5.3946e-02
1.7661e+02 2.1410e+01 5.6082e-01 -4.9030e+02 5.4289e-02
1.7739e+02 2.1458e+01 5.6228e-01 -4.9070e+02 5.4531e-02
1.7759e+02 2.1469e+01 5.6374e-01 -4.9115e+02 5.4589e-02
1.7712e+02 2.1441e+01 5.6520e-01 -4.9164e+02 5.4447e-02
1.7613e+02 2.1381e+01 5.6666e-01 -4.9214e+02 5.4141e-02
1.7481e+02 2.1301e+01 5.6811e-01 -4.9266e+02 5.3736e-02
1.7339e+02 2.1214e+01 5.6955e-01 -4.9320e+02 5.3298e-02
1.7203e+02 2.1131e+01 5.7099e-01 -4.9373e+02 5.2880e-02
1.7088e+02 2.1060e+01 5.7244e-01 -4.9426e+02 5.2528e-02
1.7008e+02 2.1011e+01 5.7389e-01 -4.9478e+02 5.2283e-02
1.6976e+02 2.0991e+01 5.7535e-01 -4.9530e+02 5.2185e-02
1.7002e+02 2.1007e+01 5.7682e-01 -4.9580e+02 5.2263e-02
1.7085e+02 2.1058e+01 5.7828e-01 -4.9628e+02 5.2519e-02
1.7212e+02 2.1136e+01 5.7975e-01 -4.9675e+02 5.2908e-02
1.7354e+02 2.1224e+01 5.8123e-01 -4.9719e+02 5.3347e-02
1.7483e+02 2.1302e+01 5.8271e-01 -4.9762e+02 5.3742e-02
1.7578e+02 2.1360e+01 5.8420e-01 -4.9803e+02 5.4033e-02
1.7637e+02 2.1396e+01 5.8569e-01 -4.9842e+02 5.4214e-02
1.7672e+02 2.1417e+01 5.8718e-01 -4.9880e+02 5.4323e-02
1.7701e+02 2.1435e+01 5.8867e-01 -4.9918e+02 5.4413e-02
1.7738e+02 2.1457e+01 5.9017e-01 -4.9955e+02 5.4526e-02
1.7789e+02 2.1488e+01 5.9169e-01 -4.9994e+02 5.4682e-02
1.7853e+02 2.1527e+01 5.9321e-01 -5.0035e+02 5.4880e-02
1.7926e+02 2.1571e+01 5.9474e-01 -5.0077e+02 5.5105e-02
1.8003e+02 2.1617e+01 5.9627e-01 -5.0122e+02 5.5341e-02
1.8079e+02 2.1662e+01 5.9780e-01 -5.0169e+02 5.5574e-02
1.8151e+02 2.1705e+01 5.9934e-01 -5.0218e+02 5.5796e-02
1.8218e+02 2.1745e+01 6.0087e-01 -5.0271e+02 5.6002e-02
1.8280e+02 2.1782e+01 6.0240e-01 -5.0326e+02 5.6191e-02
1.8335e+02 2.1815e+01 6.0393e-01 -5.0383e+02 5.6362e-02
1.8385e+02 2.1845e+01 6.0545e-01 -5.0443e+02 5.6516e-02
1.8429e+02 2.1871e+01 6.0697e-01 -5.0506e+02 5.6650e-02
1.8466e+02 2.1893e+01 6.0848e-01 -5.0571e+02 5.6764e-02
1.8497e+02 2.1911e+01 6.0999e-01 -5.0638e+02 5.6858e-02
1.8520e+02 2.1925e+01 6.1150e-01 -5.0707e+02 5.6930e-02
1.8535e+02 2.1934e+01 6.1301e-01 -5.0777e+02 5.6977e-02
1.8541e+02 2.1938e+01 6.1451e-01 -5.0849e+02 5.6996e-02
1.8535e+02 2.1934e+01 6.1601e-01 -5.0921e+02 5.6976e-02
1.8513e+02 2.1920e+01 6.1751e-01 -5.0995e+02 5.6907e-02
1.8470e+02 2.1895e+01 6.1900e-01 -5.1070e+02 5.6775e-02
1.8402e+02 2.1855e+01 6.2050e-01 -5.1145e+02 5.6567e-02
1.8306e+02 2.1798e+01 6.2199e-01 -5.1220e+02 5.6272e-02
1.8180e+02 2.1722e+01 6.2348e-01 -5.1296e+02 5.5884e-02
1.8023e+02 2.1629e+01 6.2496e-01 -5.1371e+02 5.5402e-02
1.7839e+02 2.1518e+01 6.2645e-01 -5.1446e+02 5.4837e-02
1.7633e+02 2.1393e+01 6.2794e-01 -5.1519e+02 5.4202e-02
1.7412e+02 2.1259e+01 6.2943e-01 -5.1591e+02 5.3524e-02
1.7187e+02 2.1121e+01 6.3093e-01 -5.1660e+02 5.2833e-02
1.6971e+02 2.0988e+01 6.3242e-01 -5.1725e+02 5.2169e-02
1.6780e+02 2.0870e+01 6.3391e-01 -5.1786e+02 5.1582e-02
1.6632e+02 2.0777e+01 6.3540e-01 -5.1842e+02 5.1127e-02
1.6546e+02 2.0723e+01 6.3690e-01 -5.1891e+02 5.0862e-02
1.6535e+02 2.0716e+01 6.3840e-01 -5.1934e+02 5.0827e-02
1.6601e+02 2.0758e+01 6.3990e-01 -5.1971e+02 5.1030e-02
1.6727e+02 2.0836e+01 6.4140e-01 -5.2002e+02 5.1417e-02
1.6875e+02 2.0929e+01 6.4290e-01 -5.2028e+02 5.1874e-02
1.6999e+02 2.1006e+01 6.4440e-01 -5.2051e+02 5.2256e-02
1.7062e+02 2.1044e+01 6.4592e-01 -5.2071e+02 5.2447e-02
1.7052e+02 2.1038e+01 6.4745e-01 -5.2089e+02 5.2418e-02
1.6992e+02 2.1001e+01 6.4900e-01 -5.2107e+02 5.2233e-02
1.6919e+02 2.0956e+01 6.5055e-01 -5.2124e+02 5.2007e-02
1.6868e+02 2.0924e+01 6.5211e-01 -5.2143e+02 5.1851e-02
1.6861e+02 2.0920e+01 6.5365e-01 -5.2164e+02 5.1830e-02
1.6900e+02 2.0944e+01 6.5518e-01 -5.2188e+02 5.1949e-02
1.6971e+02 2.0988e+01 6.5670e-01 -5.2215e+02 5.2167e-02
1.7053e+02 2.1038e+01 6.5820e-01 -5.2246e+02 5.2420e-02
1.7125e+02 2.1083e+01 6.5969e-01 -5.2280e+02 5.2643e-02
1.7174e+02 2.1113e+01 6.6116e-01 -5.2318e+02 5.2792e-02
1.7191e+02 2.1124e+01 6.6262e-01 -5.2359e+02 5.2846e-02
1.7178e+02 2.1116e+01 6.6407e-01 -5.2401e+02 5.2805e-02
1.7140e+02 2.1092e+01 6.6552e-01 -5.2445e+02 5.2687e-02
1.7085e+02 2.1058e+01 6.6697e-01 -5.2490e+02 5.2518e-02
1.7024e+02 2.1021e+01 6.6842e-01 -5.2534e+02 5.2331e-02
1.6968e+02 2.0986e+01 6.6986e-01 -5.2578e+02 5.2158e-02
1.6926e+02 2.0960e+01 6.7128e-01 -5.2621e+02 5.2029e-02
1.6906e+02 2.0948e+01 6.7270e-01 -5.2662e+02 5.1968e-02
1.6910e+02 2.0950e+01 6.7410e-01 -5.2702e+02 5.1980e-02
1.6934e+02 2.0965e+01 6.7548e-01 -5.2739e+02 5.2054e-02
1.6968e+02 2.0986e+01 6.7686e-01 -5.2775e+02 5.2158e-02
1.6997e+02 2.1004e+01 6.7824e-01 -5.2809e+02 5.2249e-02
1.7008e+02 2.1011e+01 6.7961e-01 -5.2842e+02 5.2282e-02
1.6991e+02 2.1000e+01 6.8097e-01 -5.2874e+02 5.2228e-02
1.6943e+02 2.0971e+01 6.8233e-01 -5.2904e+02 5.2083e-02
1.6873e+02 2.0927e+01 6.8368e-01 -5.2934e+02 5.1866e-02
1.6793e+02 2.0878e+01 6.8504e-01 -5.2964e+02 5.1621e-02
1.6721e+02 2.0833e+01 6.8639e-01 -5.2993e+02 5.1401e-02
1.6674e+02 2.0803e+01 6.8774e-01 -5.3024e+02 5.1255e-02
1.6661e+02 2.0795e+01 6.8908e-01 -5.3055e+02 5.1215e-02
1.6686e+02 2.0811e+01 6.9041e-01 -5.3087e+02 5.1292e-02
1.6744e+02 2.0847e+01 6.9174e-01 -5.3120e+02 5.1470e-02
1.6825e+02 2.0897e+01 6.9305e-01 -5.3155e+02 5.1719e-02
1.6919e+02 2.0956e+01 6.9435e-01 -5.3191e+02 5.2010e-02
1.7020e+02 2.1018e+01 6.9563e-01 -5.3227e+02 5.2318e-02
1.7121e+02 2.1081e+01 6.9689e-01 -5.3265e+02 5.2631e-02
1.7222e+02 2.1142e+01 6.9813e-01 -5.3303e+02 5.2939e-02
1.7318e+02 2.1201e+01 6.9936e-01 -5.3342e+02 5.3234e-02
1.7407e+02 2.1256e+01 7.0058e-01 -5.3383e+02 5.3508e-02
1.7487e+02 2.1305e+01 7.0179e-01 -5.3424e+02 5.3754e-02
1.7558e+02 2.1348e+01 7.0299e-01 -5.3467e+02 5.3973e-02
1.7621e+02 2.1386e+01 7.0417e-01 -5.3512e+02 5.4166e-02
1.7677e+02 2.1420e+01 7.0534e-01 -5.3559e+02 5.4337e-02
1.7724e+02 2.1448e+01 7.0650e-01 -5.3608e+02 5.4482e-02
1.7759e+02 2.1470e+01 7.0764e-01 -5.3659e+02 5.4590e-02
1.7774e+02 2.1479e+01 7.0878e-01 -5.3713e+02 5.4637e-02
1.7759e+02 2.1470e+01 7.0990e-01 -5.3769e+02 5.4590e-02
1.7697e+02 2.1432e+01 7.1100e-01 -5.3827e+02 5.4401e-02
1.7570e+02 2.1355e+01 7.1209e-01 -5.3886e+02 5.4010e-02
1.7354e+02 2.1223e+01 7.1317e-01 -5.3946e+02 5.3345e-02
1.7026e+02 2.1022e+01 7.1424e-01 -5.4007e+02 5.2336e-02
1.6572e+02 2.0740e+01 7.1531e-01 -5.4067e+02 5.0943e-02
1.6012e+02 2.0386e+01 7.1638e-01 -5.4124e+02 4.9220e-02
1.5423e+02 2.0008e+01 7.1747e-01 -5.4176e+02 4.7409e-02
1.4975e+02 1.9715e+01 7.1859e-01 -5.4222e+02 4.6032e-02
1.4911e+02 1.9673e+01 7.1978e-01 -5.4259e+02 4.5835e-02
1.5397e+02 1.9991e+01 7.2104e-01 -5.4286e+02 4.7331e-02
1.6281e+02 2.0557e+01 7.2236e-01 -5.4302e+02 5.0047e-02
1.7085e+02 2.1058e+01 7.2372e-01 -5.4307e+02 5.2518e-02
1.7432e+02 2.1271e+01 7.2510e-01 -5.4303e+02 5.3584e-02
1.7330e+02 2.1209e+01 7.2647e-01 -5.4292e+02 5.3273e-02
1.6997e+02 2.1004e+01 7.2782e-01 -5.4279e+02 5.2249e-02
1.6624e+02 2.0772e+01 7.2917e-01 -5.4264e+02 5.1101e-02
1.6311e+02 2.0576e+01 7.3053e-01 -5.4252e+02 5.0139e-02
1.6096e+02 2.0440e+01 7.3189e-01 -5.4244e+02 4.9480e-02
1.5986e+02 2.0370e+01 7.3326e-01 -5.4240e+02 4.9139e-02
1.5970e+02 2.0359e+01 7.3464e-01 -5.4243e+02 4.9090e-02
1.6033e+02 2.0400e+01 7.3604e-01 -5.4252e+02 4.9285e-02
1.6157e+02 2.0478e+01 7.3744e-01 -5.4268e+02 4.9666e-02
1.6320e+02 2.0581e+01 7.3884e-01 -5.4291e+02 5.0166e-02
1.6498e+02 2.0694e+01 7.4024e-01 -5.4319e+02 5.0715e-02
1.6670e+02 2.0801e+01 7.4165e-01 -5.4353e+02 5.1242e-02
1.6816e+02 2.0892e+01 7.4306e-01 -5.4392e+02 5.1691e-02
1.6925e+02 2.0960e+01 7.4448e-01 -5.4433e+02 5.2027e-02
1.6994e+02 2.1002e+01 7.4589e-01 -5.4477e+02 5.2238e-02
1.7024e+02 2.1021e+01 7.4729e-01 -5.4522e+02 5.2331e-02
1.7022e+02 2.1019e+01 7.4869e-01 -5.4567e+02 5.2324e-02
1.6992e+02 2.1001e+01 7.5007e-01 -5.4611e+02 5.2234e-02
1.6943e+02 2.0971e+01 7.5145e-01 -5.4653e+02 5.2082e-02
1.6880e+02 2.0932e+01 7.5283e-01 -5.4693e+02 5.1889e-02
1.6813e+02 2.0890e+01 7.5421e-01 -5.4731e+02 5.1681e-02
1.6749e+02 2.0850e+01 7.5560e-01 -5.4766e+02 5.1487e-02
1.6699e+02 2.0819e+01 7.5698e-01 -5.4797e+02 5.1331e-02
1.6665e+02 2.0798e+01 7.5837e-01 -5.4826e+02 5.1228e-02
1.6649e+02 2.0788e+01 7.5975e-01 -5.4851e+02 5.1179e-02
1.6648e+02 2.0787e+01 7.6112e-01 -5.4874e+02 5.1175e-02
1.6654e+02 2.0791e+01 7.6249e-01 -5.4893e+02 5.1193e-02
1.6658e+02 2.0794e+01 7.6386e-01 -5.4910e+02 5.1207e-02
1.6654e+02 2.0791e+01 7.6523e-01 -5.4925e+02 5.1194e-02
1.6636e+02 2.0779e+01 7.6660e-01 -5.4938e+02 5.1137e-02
1.6603e+02 2.0759e+01 7.6798e-01 -5.4950e+02 5.1037e-02
1.6561e+02 2.0733e+01 7.6936e-01 -5.4961e+02 5.0908e-02
1.6519e+02 2.0706e+01 7.7074e-01 -5.4973e+02 5.0778e-02
1.6485e+02 2.0685e+01 7.7212e-01 -5.4986e+02 5.0675e-02
1.6469e+02 2.0675e+01 7.7350e-01 -5.4999e+02 5.0626e-02
1.6477e+02 2.0680e+01 7.7488e-01 -5.5015e+02 5.0651e-02
1.6511e+02 2.0702e+01 7.7627e-01 -5.5033e+02 5.0754e-02
1.6567e+02 2.0737e+01 7.7765e-01 -5.5054e+02 5.0928e-02
1.6639e+02 2.0782e+01 7.7904e-01 -5.5078e+02 5.1149e-02
1.6717e+02 2.0830e+01 7.8042e-01 -5.5104e+02 5.1386e-02
1.6787e+02 2.0874e+01 7.8182e-01 -5.5134e+02 5.1603e-02
1.6842e+02 2.0908e+01 7.8321e-01 -5.5166e+02 5.1770e-02
1.6874e+02 2.0928e+01 7.8460e-01 -5.5201e+02 5.1869e-02
1.6883e+02 2.0933e+01 7.8600e-01 -5.5239e+02 5.1896e-02
1.6871e+02 2.0926e+01 7.8740e-01 -5.5278e+02 5.1860e-02
1.6844e+02 2.0909e+01 7.8881e-01 -5.5318e+02 5.1778e-02
1.6809e+02 2.0887e+01 7.9021e-01 -5.5360e+02 5.1669e-02
1.6771e+02 2.0864e+01 7.9161e-01 -5.5402e+02 5.1554e-02
1.6736e+02 2.0842e+01 7.9302e-01 -5.5444e+02 5.1446e-02
1.6706e+02 2.0824e+01 7.9444e-01 -5.5485e+02 5.1355e-02
1.6683e+02 2.0809e+01 7.9587e-01 -5.5525e+02 5.1281e-02
1.6663e+02 2.0797e+01 7.9732e-01 -5.5563e+02 5.1221e-02
1.6645e+02 2.0785e+01 7.9877e-01 -5.5600e+02 5.1166e-02
1.6624e+02 2.0772e+01 8.0023e-01 -5.5634e+02 5.1102e-02
1.6597e+02 2.0755e+01 8.0171e-01 -5.5665e+02 5.1018e-02
1.6561e+02 2.0733e+01 8.0319e-01 -5.5694e+02 5.0908e-02
1.6518e+02 2.0706e+01 8.0467e-01 -5.5720e+02 5.0774e-02
1.6470e+02 2.0676e+01 8.0616e-01 -5.5745e+02 5.0628e-02
1.6424e+02 2.0647e+01 8.0766e-01 -5.5767e+02 5.0488e-02
1.6387e+02 2.0624e+01 8.0917e-01 -5.5789e+02 5.0374e-02
1.6363e+02 2.0608e+01 8.1068e-01 -5.5810e+02 5.0299e-02
1.6350e+02 2.0600e+01 8.1220e-01 -5.5830e+02 5.0259e-02
1.6344e+02 2.0596e+01 8.1372e-01 -5.5851e+02 5.0240e-02
1.6338e+02 2.0593e+01 8.1524e-01 -5.5873e+02 5.0222e-02
1.6328e+02 2.0586e+01 8.1676e-01 -5.5896e+02 5.0191e-02
1.6313e+02 2.0577e+01 8.1828e-01 -5.5919e+02 5.0145e-02
1.6299e+02 2.0568e+01 8.1979e-01 -5.5943e+02 5.0101e-02
1.6293e+02 2.0564e+01 8.2129e-01 -5.5968e+02 5.0084e-02
1.6304e+02 2.0571e+01 8.2279e-01 -5.5993e+02 5.0117e-02
1.6335e+02 2.0591e+01 8.2430e-01 -5.6019e+02 5.0213e-02
1.6385e+02 2.0623e+01 8.2580e-01 -5.6045e+02 5.0367e-02
1.6447e+02 2.0662e+01 8.2729e-01 -5.6071e+02 5.0559e-02
1.6512e+02 2.0702e+01 8.2878e-01 -5.6098e+02 5.0758e-02
1.6571e+02 2.0739e+01 8.3027e-01 -5.6125e+02 5.0938e-02
1.6616e+02 2.0767e+01 8.3175e-01 -5.6152e+02 5.1077e-02
1.6645e+02 2.0786e+01 8.3323e-01 -5.6178e+02 5.1167e-02
1.6659e+02 2.0794e+01 8.3472e-01 -5.6205e+02 5.1208e-02
1.6658e+02 2.0794e+01 8.3621e-01 -5.6231e+02 5.1207e-02
1.6648e+02 2.0787e+01 8.3770e-01 -5.6257e+02 5.1175e-02
1.6631e+02 2.0777e+01 8.3919e-01 -5.6282e+02 5.1123e-02
1.6611e+02 2.0764e+01 8.4067e-01 -5.6307e+02 5.1063e-02
1.6593e+02 2.0753e+01 8.4215e-01 -5.6331e+02 5.1007e-02
1.6579e+02 2.0744e+01 8.4361e-01 -5.6354e+02 5.0963e-02
1.6572e+02 2.0740e+01 8.4507e-01 -5.6377e+02 5.0941e-02
1.6572e+02 2.0740e+01 8.4652e-01 -5.6400e+02 5.0943e-02
1.6581e+02 2.0745e+01 8.4798e-01 -5.6423e+02 5.0968e-02
1.6595e+02 2.0754e+01 8.4943e-01 -5.6445e+02 5.1014e-02
1.6615e+02 2.0766e+01 8.5088e-01 -5.6469e+02 5.1073e-02
1.6636e+02 2.0780e+01 8.5232e-01 -5.6493e+02 5.1140e-02
1.6658e+02 2.0794e+01 8.5375e-01 -5.6518e+02 5.1208e-02
1.6680e+02 2.0807e+01 8.5518e-01 -5.6544e+02 5.1272e-02
1.6699e+02 2.0819e+01 8.5660e-01 -5.6572e+02 5.1331e-02
1.6715e+02 2.0829e+01 8.5801e-01 -5.6601e+02 5.1382e-02
1.6729e+02 2.0838e+01 8.5941e-01 -5.6631e+02 5.1426e-02
1.6742e+02 2.0846e+01 8.6081e-01 -5.6663e+02 5.1465e-02
1.6755e+02 2.0854e+01 8.6219e-01 -5.6696e+02 5.1504e-02
1.6768e+02 2.0862e+01 8.6357e-01 -5.6730e+02 5.1544e-02
1.6782e+02 2.0871e+01 8.6494e-01 -5.6765e+02 5.1587e-02
1.6796e+02 2.0879e+01 8.6630e-01 -5.6800e+02 5.1629e-02
1.6806e+02 2.0886e+01 8.6766e-01 -5.6836e+02 5.1662e-02
1.6811e+02 2.0889e+01 8.6902e-01 -5.6871e+02 5.1677e-02
1.6807e+02 2.0886e+01 8.7039e-01 -5.6907e+02 5.1663e-02
1.6789e+02 2.0875e+01 8.7176e-01 -5.6941e+02 5.1610e-02
1.6759e+02 2.0856e+01 8.7313e-01 -5.6975e+02 5.1516e-02
1.6715e+02 2.0829e+01 8.7451e-01 -5.7008e+02 5.1381e-02
1.6660e+02 2.0795e+01 8.7588e-01 -5.7040e+02 5.1212e-02
1.6598e+02 2.0756e+01 8.7726e-01 -5.7071e+02 5.1021e-02
1.6532e+02 2.0715e+01 8.7862e-01 -5.7100e+02 5.0819e-02
1.6468e+02 2.0674e+01 8.7998e-01 -5.7127e+02 5.0621e-02
1.6408e+02 2.0637e+01 8.8134e-01 -5.7153e+02 5.0438e-02
1.6358e+02 2.0605e+01 8.8269e-01 -5.7178e+02 5.0283e-02
1.6320e+02 2.0582e+01 8.8404e-01 -5.7201e+02 5.0168e-02
1.6298e+02 2.0568e+01 8.8539e-01 -5.7224e+02 5.0099e-02
1.6290e+02 2.0563e+01 8.8674e-01 -5.7246e+02 5.0076e-02
1.6295e+02 2.0566e+01 8.8808e-01 -5.7268e+02 5.0091e-02
1.6306e+02 2.0573e+01 8.8942e-01 -5.7290e+02 5.0126e-02
1.6319e+02 2.0581e+01 8.9076e-01 -5.7313e+02 5.0164e-02
1.6330e+02 2.0588e+01 8.9210e-01 -5.7337e+02 5.0198e-02
1.6342e+02 2.0595e+01 8.9344e-01 -5.7362e+02 5.0233e-02
1.6360e+02 2.0607e+01 8.9477e-01 -5.7388e+02 5.0291e-02
1.6393e+02 2.0627e+01 8.9609e-01 -5.7414e+02 5.0391e-02
1.6441e+02 2.0658e+01 8.9741e-01 -5.7441e+02 5.0540e-02
1.6500e+02 2.0695e+01 8.9873e-01 -5.7468e+02 5.0720e-02
1.6557e+02 2.0730e+01 9.0005e-01 -5.7495e+02 5.0895e-02
1.6600e+02 2.0757e+01 9.0137e-01 -5.7521e+02 5.1028e-02
1.6624e+02 2.0772e+01 9.0270e-01 -5.7547e+02 5.1101e-02
1.6630e+02 2.0776e+01 9.0404e-01 -5.7571e+02 5.1120e-02
1.6627e+02 2.0774e+01 9.0539e-01 -5.7595e+02 5.1111e-02
1.6626e+02 2.0774e+01 9.0674e-01 -5.7617e+02 5.1108e-02
1.6637e+02 2.0780e+01 9.0809e-01 -5.7639e+02 5.1141e-02
1.6664e+02 2.0797e+01 9.0943e-01 -5.7659e+02 5.1225e-02
1.6710e+02 2.0826e+01 9.1077e-01 -5.7679e+02 5.1365e-02
1.6770e+02 2.0863e+01 9.1211e-01 -5.7698e+02 5.1550e-02
1.6839e+02 2.0906e+01 9.1343e-01 -5.7718e+02 5.1764e-02
1.6912e+02 2.0952e+01 9.1475e-01 -5.7737e+02 5.1988e-02
1.6983e+02 2.0996e+01 9.1605e-01 -5.7757e+02 5.2206e-02
1.7049e+02 2.1036e+01 9.1734e-01 -5.7778e+02 5.2409e-02
1.7109e+02 2.1073e+01 9.1863e-01 -5.7801e+02 5.2592e-02
1.7162e+02 2.1106e+01 9.1991e-01 -5.7825e+02 5.2756e-02
1.7211e+02 2.1136e+01 9.2119e-01 -5.7852e+02 5.2905e-02
1.7256e+02 2.1163e+01 9.2246e-01 -5.7881e+02 5.3043e-02
1.7298e+02 2.1189e+01 9.2371e-01 -5.7913e+02 5.3172e-02
1.7336e+02 2.1213e+01 9.2496e-01 -5.7948e+02 5.3292e-02
1.7371e+02 2.1234e+01 9.2620e-01 -5.7985e+02 5.3399e-02
1.7400e+02 2.1252e+01 9.2744e-01 -5.8026e+02 5.3488e-02
1.7422e+02 2.1265e+01 9.2868e-01 -5.8069e+02 5.3554e-02
1.7434e+02 2.1272e+01 9.2992e-01 -5.8115e+02 5.3591e-02
1.7434e+02 2.1272e+01 9.3116e-01 -5.8163e+02 5.3592e-02
1.7422e+02 2.1265e+01 9.3239e-01 -5.8213e+02 5.3555e-02
1.7397e+02 2.1250e+01 9.3362e-01 -5.8264e+02 5.3478e-02
1.7359e+02 2.1227e+01 9.3485e-01 -5.8316e+02 5.3362e-02
1.7311e+02 2.1197e+01 9.3607e-01 -5.8369e+02 5.3212e-02
1.7253e+02 2.1161e+01 9.3730e-01 -5.8421e+02 5.3034e-02
1.7189e+02 2.1122e+01 9.3853e-01 -5.8472e+02 5.2839e-02
1.7123e+02 2.1082e+01 9.3977e-01 -5.8523e+02 5.2636e-02
1.7058e+02 2.1042e+01 9.4101e-01 -5.8571e+02 5.2437e-02
1.6998e+02 2.1005e+01 9.4227e-01 -5.8618e+02 5.2251e-02
1.6943e+02 2.0971e+01 9.4354e-01 -5.8662e+02 5.2083e-02
1.6892e+02 2.0939e+01 9.4482e-01 -5.8704e+02 5.1926e-02
1.6839e+02 2.0906e+01 9.4612e-01 -5.8743e+02 5.1762e-02
1.6775e+02 2.0867e+01 9.4743e-01 -5.8778e+02 5.1566e-02
1.6694e+02 2.0816e+01 9.4875e-01 -5.8811e+02 5.1316e-02
1.6593e+02 2.0753e+01 9.5007e-01 -5.8842e+02 5.1007e-02
1.6484e+02 2.0684e+01 9.5140e-01 -5.8870e+02 5.0670e-02
1.6388e+02 2.0624e+01 9.5273e-01 -5.8897e+02 5.0377e-02
1.6338e+02 2.0593e+01 9.5406e-01 -5.8923e+02 5.0224e-02
1.6359e+02 2.0606e+01 9.5540e-01 -5.8949e+02 5.0288e-02
1.6452e+02 2.0665e+01 9.5675e-01 -5.8977e+02 5.0574e-02
1.6585e+02 2.0748e+01 9.5812e-01 -5.9007e+02 5.0982e-02
1.6705e+02 2.0823e+01 9.5949e-01 -5.9038e+02 5.1351e-02
1.6766e+02 2.0861e+01 9.6089e-01 -5.9070e+02 5.1540e-02
1.6755e+02 2.0854e+01 9.6230e-01 -5.9103e+02 5.1503e-02
1.6686e+02 2.0811e+01 9.6371e-01 -5.9136e+02 5.1292e-02
1.6593e+02 2.0753e+01 9.6512e-01 -5.9168e+02 5.1007e-02
1.6508e+02 2.0700e+01 9.6654e-01 -5.9201e+02 5.0746e-02
1.6451e+02 2.0664e+01 9.6797e-01 -5.9233e+02 5.0571e-02
1.6431e+02 2.0651e+01 9.6940e-01 -5.9265e+02 5.0507e-02
1.6443e+02 2.0659e+01 9.7083e-01 -5.9298e+02 5.0546e-02
1.6478e+02 2.0681e+01 9.7227e-01 -5.9332e+02 5.0652e-02
1.6520e+02 2.0707e+01 9.7370e-01 -5.9366e+02 5.0782e-02
1.6556e+02 2.0730e+01 9.7513e-01 -5.9401e+02 5.0892e-02
1.6574e+02 2.0741e+01 9.7655e-01 -5.9437e+02 5.0947e-02
1.6568e+02 2.0737e+01 9.7797e-01 -5.9473e+02 5.0930e-02
1.6539e+02 2.0719e+01 9.7938e-01 -5.9508e+02 5.0839e-02
1.6487e+02 2.0687e+01 9.8079e-01 -5.9544e+02 5.0681e-02
1.6419e+02 2.0644e+01 9.8219e-01 -5.9579e+02 5.0470e-02
1.6338e+02 2.0593e+01 9.8359e-01 -5.9614e+02 5.0222e-02
1.6250e+02 2.0537e+01 9.8498e-01 -5.9648e+02 4.9953e-02
1.6162e+02 2.0481e+01 9.8638e-01 -5.9682e+02 4.9681e-02
1.6080e+02 2.0430e+01 9.8778e-01 -5.9715e+02 4.9429e-02
1.6014e+02 2.0387e+01 9.8919e-01 -5.9747e+02 4.9225e-02
1.5972e+02 2.0361e+01 9.9059e-01 -5.9779e+02 4.9098e-02
1.5963e+02 2.0355e+01 9.9200e-01 -5.9810e+02 4.9071e-02
1.5988e+02 2.0371e+01 9.9341e-01 -5.9841e+02 4.9145e-02
1.6038e+02 2.0403e+01 9.9483e-01 -5.9871e+02 4.9299e-02
1.6096e+02 2.0440e+01 9.9624e-01 -5.9901e+02 4.9478e-02
1.6140e+02 2.0468e+01 9.9764e-01 -5.9930e+02 4.9615e-02
1.6151e+02 2.0475e+01 9.9904e-01 -5.9958e+02 4.9647e-02
1.6117e+02 2.0453e+01 1.0004e+00 -5.9986e+02 4.9544e-02
1.6043e+02 2.0406e+01 1.0018e+00 -6.0014e+02 4.9315e-02
1.5943e+02 2.0342e+01 1.0032e+00 -6.0041e+02 4.9007e-02
1.5840e+02 2.0277e+01 1.0045e+00 -6.0067e+02 4.8692e-02
1.5760e+02 2.0225e+01 1.0059e+00 -6.0093e+02 4.8445e-02
1.5722e+02 2.0201e+01 1.0073e+00 -6.0119e+02 4.8330e-02
1.5738e+02 2.0211e+01 1.0086e+00 -6.0144e+02 4.8378e-02
1.5803e+02 2.0253e+01 1.0100e+00 -6.0169e+02 4.8578e-02
1.5901e+02 2.0316e+01 1.0114e+00 -6.0193e+02 4.8880e-02
1.6008e+02 2.0384e+01 1.0128e+00 -6.0217e+02 4.9207e-02
1.6098e+02 2.0441e+01 1.0142e+00 -6.0240e+02 4.9485e-02
1.6157e+02 2.0479e+01 1.0156e+00 -6.0263e+02 4.9667e-02
1.6183e+02 2.0495e+01 1.0169e+00 -6.0285e+02 4.9745e-02
1.6183e+02 2.0495e+01 1.0183e+00 -6.0306e+02 4.9746e-02
1.6173e+02 2.0489e+01 1.0197e+00 -6.0327e+02 4.9715e-02
1.6168e+02 2.0485e+01 1.0210e+00 -6.0347e+02 4.9700e-02
1.6180e+02 2.0493e+01 1.0224e+00 -6.0368e+02 4.9736e-02
1.6214e+02 2.0514e+01 1.0238e+00 -6.0387e+02 4.9840e-02
1.6268e+02 2.0548e+01 1.0252e+00 -6.0407e+02 5.0006e-02
1.6334e+02 2.0590e+01 1.0266e+00 -6.0427e+02 5.0209e-02
1.6400e+02 2.0632e+01 1.0280e+00 -6.0447e+02 5.0412e-02
1.6453e+02 2.0665e+01 1.0293e+00 -6.0466e+02 5.0577e-02
1.6484e+02 2.0685e+01 1.0307e+00 -6.0486e+02 5.0673e-02
1.6485e+02 2.0685e+01 1.0320e+00 -6.0505e+02 5.0675e-02
1.6451e+02 2.0664e+01 1.0334e+00 -6.0524e+02 5.0569e-02
1.6378e+02 2.0618e+01 1.0347e+00 -6.0542e+02 5.0346e-02
1.6265e+02 2.0546e+01 1.0361e+00 -6.0560e+02 4.9997e-02
1.6106e+02 2.0446e+01 1.0374e+00 -6.0578e+02 4.9510e-02
1.5902e+02 2.0316e+01 1.0387e+00 -6.0594e+02 4.8881e-02
1.5655e+02 2.0158e+01 1.0400e+00 -6.0608e+02 4.8123e-02
1.5386e+02 1.9984e+01 1.0413e+00 -6.0621e+02 4.7295e-02
1.5137e+02 1.9822e+01 1.0427e+00 -6.0631e+02 4.6532e-02
1.4986e+02 1.9723e+01 1.0440e+00 -6.0639e+02 4.6067e-02
1.5022e+02 1.9746e+01 1.0454e+00 -6.0646e+02 4.6176e-02
1.5294e+02 1.9924e+01 1.0468e+00 -6.0652e+02 4.7012e-02
1.5739e+02 2.0212e+01 1.0482e+00 -6.0659e+02 4.8382e-02
1.6179e+02 2.0492e+01 1.0496e+00 -6.0667e+02 4.9734e-02
1.6433e+02 2.0653e+01 1.0510e+00 -6.0676e+02 5.0515e-02
1.6445e+02 2.0660e+01 1.0524e+00 -6.0685e+02 5.0553e-02
1.6283e+02 2.0558e+01 1.0538e+00 -6.0694e+02 5.0054e-02
1.6053e+02 2.0412e+01 1.0552e+00 -6.0703e+02 4.9346e-02
1.5837e+02 2.0275e+01 1.0566e+00 -6.0712e+02 4.8684e-02
1.5680e+02 2.0174e+01 1.0580e+00 -6.0724e+02 4.8201e-02
1.5595e+02 2.0119e+01 1.0594e+00 -6.0737e+02 4.7939e-02
1.5578e+02 2.0108e+01 1.0608e+00 -6.0752e+02 4.7887e-02
1.5616e+02 2.0133e+01 1.0622e+00 -6.0769e+02 4.8004e-02
1.5691e+02 2.0181e+01 1.0636e+00 -6.0787e+02 4.8233e-02
1.5781e+02 2.0239e+01 1.0650e+00 -6.0807e+02 4.8510e-02
1.5866e+02 2.0293e+01 1.0664e+00 -6.0827e+02 4.8771e-02
1.5929e+02 2.0333e+01 1.0678e+00 -6.0848e+02 4.8965e-02
1.5961e+02 2.0354e+01 1.0692e+00 -6.0868e+02 4.9063e-02
1.5960e+02 2.0353e+01 1.0706e+00 -6.0889e+02 4.9060e-02
1.5931e+02 2.0335e+01 1.0720e+00 -6.0909e+02 4.8971e-02
1.5883e+02 2.0304e+01 1.0735e+00 -6.0929e+02 4.8823e-02
1.5824e+02 2.0266e+01 1.0749e+00 -6.0949e+02 4.8643e-02
1.5761e+02 2.0226e+01 1.0763e+00 -6.0969e+02 4.8448e-02
1.5696e+02 2.0184e+01 1.0777e+00 -6.0989e+02 4.8249e-02
1.5631e+02 2.0142e+01 1.0792e+00 -6.1008e+02 4.8048e-02
1.5566e+02 2.0100e+01 1.0806e+00 -6.1027e+02 4.7849e-02
1.5505e+02 2.0061e+01 1.0820e+00 -6.1044e+02 4.7662e-02
1.5452e+02 2.0026e+01 1.0834e+00 -6.1060e+02 4.7497e-02
1.5409e+02 1.9999e+01 1.0849e+00 -6.1074e+02 4.7368e-02
1.5380e+02 1.9980e+01 1.0863e+00 -6.1086e+02 4.7277e-02
1.5362e+02 1.9968e+01 1.0878e+00 -6.1096e+02 4.7221e-02
1.5353e+02 1.9962e+01 1.0892e+00 -6.1104e+02 4.7194e-02
1.5351e+02 1.9961e+01 1.0907e+00 -6.1110e+02 4.7188e-02
1.5357e+02 1.9965e+01 1.0921e+00 -6.1114e+02 4.7207e-02
1.5375e+02 1.9977e+01 1.0935e+00 -6.1117e+02 4.7263e-02
1.5411e+02 2.0000e+01 1.0949e+00 -6.1118e+02 4.7373e-02
1.5469e+02 2.0038e+01 1.0964e+00 -6.1118e+02 4.7552e-02
1.5552e+02 2.0091e+01 1.0978e+00 -6.1117e+02 4.7806e-02
1.5655e+02 2.0158e+01 1.0992e+00 -6.1116e+02 4.8122e-02
1.5770e+02 2.0232e+01 1.1006e+00 -6.1114e+02 4.8476e-02
1.5884e+02 2.0305e+01 1.1021e+00 -6.1112e+02 4.8828e-02
1.5986e+02 2.0370e+01 1.1035e+00 -6.1110e+02 4.9141e-02
1.6065e+02 2.0420e+01 1.1050e+00 -6.1110e+02 4.9383e-02
1.6114e+02 2.0451e+01 1.1064e+00 -6.1110e+02 4.9535e-02
1.6133e+02 2.0463e+01 1.1078e+00 -6.1111e+02 4.9592e-02
1.6124e+02 2.0458e+01 1.1093e+00 -6.1114e+02 4.9565e-02
1.6095e+02 2.0439e+01 1.1107e+00 -6.1119e+02 4.9474e-02
1.6054e+02 2.0413e+01 1.1121e+00 -6.1125e+02 4.9350e-02
1.6015e+02 2.0388e+01 1.1136e+00 -6.1134e+02 4.9230e-02
1.5989e+02 2.0372e+01 1.1150e+00 -6.1144e+02 4.9149e-02
1.5985e+02 2.0369e+01 1.1165e+00 -6.1157e+02 4.9137e-02
1.6005e+02 2.0382e+01 1.1179e+00 -6.1172e+02 4.9200e-02
1.6044e+02 2.0406e+01 1.1193e+00 -6.1190e+02 4.9317e-02
1.6084e+02 2.0432e+01 1.1208e+00 -6.1210e+02 4.9443e-02
1.6108e+02 2.0448e+01 1.1222e+00 -6.1232e+02 4.9516e-02
1.6098e+02 2.0441e+01 1.1236e+00 -6.1255e+02 4.9483e-02
1.6044e+02 2.0407e+01 1.1251e+00 -6.1280e+02 4.9318e-02
1.5949e+02 2.0346e+01 1.1265e+00 -6.1304e+02 4.9026e-02
1.5825e+02 2.0267e+01 1.1279e+00 -6.1328e+02 4.8647e-02
1.5693e+02 2.0182e+01 1.1293e+00 -6.1351e+02 4.8239e-02
1.5574e+02 2.0106e+01 1.1307e+00 -6.1372e+02 4.7875e-02
1.5495e+02 2.0054e+01 1.1321e+00 -6.1391e+02 4.7630e-02
1.5474e+02 2.0041e+01 1.1335e+00 -6.1407e+02 4.7566e-02
1.5520e+02 2.0071e+01 1.1350e+00 -6.1420e+02 4.7709e-02
1.5625e+02 2.0138e+01 1.1364e+00 -6.1430e+02 4.8029e-02
1.5758e+02 2.0224e+01 1.1378e+00 -6.1436e+02 4.8440e-02
1.5885e+02 2.0305e+01 1.1393e+00 -6.1440e+02 4.8828e-02
1.5973e+02 2.0362e+01 1.1407e+00 -6.1443e+02 4.9102e-02
1.6015e+02 2.0388e+01 1.1422e+00 -6.1446e+02 4.9228e-02
1.6017e+02 2.0389e+01 1.1436e+00 -6.1449e+02 4.9235e-02
1.6000e+02 2.0378e+01 1.1450e+00 -6.1454e+02 4.9182e-02
1.5983e+02 2.0368e+01 1.1464e+00 -6.1462e+02 4.9132e-02
1.5982e+02 2.0367e+01 1.1478e+00 -6.1473e+02 4.9129e-02
1.6001e+02 2.0379e+01 1.1492e+00 -6.1487e+02 4.9187e-02
1.6038e+02 2.0403e+01 1.1506e+00 -6.1505e+02 4.9299e-02
1.6084e+02 2.0432e+01 1.1520e+00 -6.1527e+02 4.9441e-02
1.6130e+02 2.0461e+01 1.1535e+00 -6.1552e+02 4.9582e-02
1.6166e+02 2.0484e+01 1.1549e+00 -6.1579e+02 4.9695e-02
1.6187e+02 2.0498e+01 1.1563e+00 -6.1610e+02 4.9759e-02
1.6190e+02 2.0499e+01 1.1577e+00 -6.1642e+02 4.9767e-02
1.6176e+02 2.0491e+01 1.1592e+00 -6.1675e+02 4.9725e-02
1.6150e+02 2.0474e+01 1.1606e+00 -6.1710e+02 4.9645e-02
1.6118e+02 2.0454e+01 1.1620e+00 -6.1744e+02 4.9546e-02
1.6086e+02 2.0433e+01 1.1634e+00 -6.1778e+02 4.9447e-02
1.6057e+02 2.0415e+01 1.1648e+00 -6.1810e+02 4.9359e-02
1.6035e+02 2.0401e+01 1.1663e+00 -6.1840e+02 4.9291e-02
1.6019e+02 2.0391e+01 1.1677e+00 -6.1867e+02 4.9241e-02
1.6007e+02 2.0383e+01 1.1691e+00 -6.1890e+02 4.9204e-02
1.5997e+02 2.0377e+01 1.1705e+00 -6.1910e+02 4.9174e-02
1.5989e+02 2.0372e+01 1.1719e+00 -6.1926e+02 4.9149e-02
1.5983e+02 2.0368e+01 1.1733e+00 -6.1938e+02 4.9130e-02
1.5980e+02 2.0366e+01 1.1747e+00 -6.1947e+02 4.9123e-02
1.5982e+02 2.0367e+01 1.1761e+00 -6.1953e+02 4.9127e-02
1.5985e+02 2.0369e+01 1.1775e+00 -6.1956e+02 4.9137e-02
1.5986e+02 2.0370e+01 1.1789e+00 -6.1958e+02 4.9139e-02
1.5979e+02 2.0366e+01 1.1803e+00 -6.1958e+02 4.9120e-02
1.5963e+02 2.0355e+01 1.1816e+00 -6.1959e+02 4.9069e-02
1.5934e+02 2.0337e+01 1.1830e+00 -6.1959e+02 4.8982e-02
1.5896e+02 2.0313e+01 1.1844e+00 -6.1960e+02 4.8865e-02
1.5852e+02 2.0284e+01 1.1858e+00 -6.1963e+02 4.8728e-02
1.5806e+02 2.0255e+01 1.1871e+00 -6.1967e+02 4.8587e-02
1.5764e+02 2.0228e+01 1.1885e+00 -6.1973e+02 4.8458e-02
1.5731e+02 2.0207e+01 1.1898e+00 -6.1982e+02 4.8357e-02
1.5712e+02 2.0194e+01 1.1912e+00 -6.1993e+02 4.8298e-02
1.5710e+02 2.0193e+01 1.1926e+00 -6.2006e+02 4.8292e-02
1.5726e+02 2.0203e+01 1.1939e+00 -6.2022e+02 4.8340e-02
1.5756e+02 2.0222e+01 1.1953e+00 -6.2040e+02 4.8432e-02
1.5794e+02 2.0247e+01 1.1966e+00 -6.2059e+02 4.8549e-02
1.5832e+02 2.0271e+01 1.1980e+00 -6.2080e+02 4.8666e-02
1.5862e+02 2.0291e+01 1.1994e+00 -6.2102e+02 4.8759e-02
1.5881e+02 2.0303e+01 1.2007e+00 -6.2124e+02 4.8818e-02
1.5890e+02 2.0309e+01 1.2021e+00 -6.2147e+02 4.8846e-02
1.5896e+02 2.0312e+01 1.2035e+00 -6.2168e+02 4.8863e-02
1.5907e+02 2.0320e+01 1.2048e+00 -6.2189e+02 4.8899e-02
1.5934e+02 2.0336e+01 1.2062e+00 -6.2209e+02 4.8980e-02
1.5981e+02 2.0366e+01 1.2076e+00 -6.2227e+02 4.9124e-02
1.6048e+02 2.0409e+01 1.2090e+00 -6.2245e+02 4.9331e-02
1.6129e+02 2.0461e+01 1.2104e+00 -6.2262e+02 4.9580e-02
1.6212e+02 2.0513e+01 1.2118e+00 -6.2278e+02 4.9834e-02
1.6283e+02 2.0558e+01 1.2132e+00 -6.2293e+02 5.0054e-02
1.6334e+02 2.0590e+01 1.2145e+00 -6.2307e+02 5.0210e-02
1.6360e+02 2.0606e+01 1.2159e+00 -6.2321e+02 5.0289e-02
1.6361e+02 2.0608e+01 1.2173e+00 -6.2336e+02 5.0294e-02
1.6346e+02 2.0598e+01 1.2188e+00 -6.2350e+02 5.0248e-02
1.6324e+02 2.0584e+01 1.2202e+00 -6.2365e+02 5.0179e-02
1.6303e+02 2.0571e+01 1.2216e+00 -6.2380e+02 5.0116e-02
1.6292e+02 2.0564e+01 1.2230e+00 -6.2396e+02 5.0082e-02
1.6295e+02 2.0566e+01 1.2244e+00 -6.2413e+02 5.0090e-02
1.6312e+02 2.0576e+01 1.2258e+00 -6.2431e+02 5.0142e-02
1.6340e+02 2.0594e+01 1.2272e+00 -6.2449e+02 5.0230e-02
1.6377e+02 2.0617e+01 1.2286e+00 -6.2469e+02 5.0341e-02
1.6415e+02 2.0641e+01 1.2299e+00 -6.2490e+02 5.0459e-02
1.6451e+02 2.0664e+01 1.2313e+00 -6.2511e+02 5.0569e-02
1.6480e+02 2.0682e+01 1.2327e+00 -6.2533e+02 5.0659e-02
1.6501e+02 2.0695e+01 1.2341e+00 -6.2556e+02 5.0722e-02
1.6512e+02 2.0702e+01 1.2355e+00 -6.2579e+02 5.0756e-02
1.6514e+02 2.0703e+01 1.2368e+00 -6.2602e+02 5.0762e-02
1.6507e+02 2.0699e+01 1.2382e+00 -6.2626e+02 5.0743e-02
1.6495e+02 2.0692e+01 1.2395e+00 -6.2650e+02 5.0705e-02
1.6479e+02 2.0681e+01 1.2409e+00 -6.2673e+02 5.0655e-02
1.6460e+02 2.0670e+01 1.2422e+00 -6.2697e+02 5.0598e-02
1.6441e+02 2.0658e+01 1.2435e+00 -6.2721e+02 5.0539e-02
1.6421e+02 2.0645e+01 1.2448e+00 -6.2744e+02 5.0478e-02
1.6401e+02 2.0633e+01 1.2462e+00 -6.2767e+02 5.0417e-02
1.6380e+02 2.0619e+01 1.2475e+00 -6.2791e+02 5.0352e-02
1.6356e+02 2.0604e+01 1.2488e+00 -6.2814e+02 5.0278e-02
1.6328e+02 2.0587e+01 1.2502e+00 -6.2838e+02 5.0193e-02
1.6296e+02 2.0566e+01 1.2515e+00 -6.2861e+02 5.0093e-02
1.6259e+02 2.0543e+01 1.2529e+00 -6.2885e+02 4.9980e-02
1.6219e+02 2.0518e+01 1.2543e+00 -6.2909e+02 4.9857e-02
1.6178e+02 2.0492e+01 1.2556e+00 -6.2934e+02 4.9730e-02
1.6138e+02 2.0466e+01 1.2570e+00 -6.2959e+02 4.9606e-02
1.6101e+02 2.0443e+01 1.2584e+00 -6.2984e+02 4.9495e-02
1.6072e+02 2.0424e+01 1.2598e+00 -6.3009e+02 4.9403e-02
1.6050e+02 2.0410e+01 1.2611e+00 -6.3035e+02 4.9337e-02
1.6038e+02 2.0403e+01 1.2625e+00 -6.3061e+02 4.9300e-02
1.6036e+02 2.0402e+01 1.2639e+00 -6.3087e+02 4.9295e-02
1.6045e+02 2.0407e+01 1.2653e+00 -6.3113e+02 4.9322e-02
1.6064e+02 2.0419e+01 1.2667e+00 -6.3139e+02 4.9380e-02
1.6092e+02 2.0437e+01 1.2681e+00 -6.3164e+02 4.9467e-02
1.6128e+02 2.0460e+01 1.2695e+00 -6.3189e+02 4.9577e-02
1.6168e+02 2.0486e+01 1.2709e+00 -6.3213e+02 4.9701e-02
1.6210e+02 2.0512e+01 1.2723e+00 -6.3237e+02 4.9829e-02
1.6249e+02 2.0536e+01 1.2737e+00 -6.3260e+02 4.9948e-02
1.6281e+02 2.0557e+01 1.2751e+00 -6.3283e+02 5.0047e-02
1.6304e+02 2.0571e+01 1.2765e+00 -6.3306e+02 5.0118e-02
1.6318e+02 2.0580e+01 1.2779e+00 -6.3328e+02 5.0159e-02
1.6322e+02 2.0582e+01 1.2793e+00 -6.3350e+02 5.0172e-02
1.6318e+02 2.0580e+01 1.2807e+00 -6.3372e+02 5.0161e-02
1.6310e+02 2.0575e+01 1.2821e+00 -6.3394e+02 5.0136e-02
1.6299e+02 2.0568e+01 1.2835e+00 -6.3417e+02 5.0102e-02
1.6288e+02 2.0561e+01 1.2849e+00 -6.3439e+02 5.0067e-02
1.6276e+02 2.0554e+01 1.2863e+00 -6.3462e+02 5.0032e-02
1.6264e+02 2.0546e+01 1.2877e+00 -6.3485e+02 4.9996e-02
1.6251e+02 2.0538e+01 1.2891e+00 -6.3509e+02 4.9956e-02
1.6236e+02 2.0528e+01 1.2906e+00 -6.3533e+02 4.9909e-02
1.6218e+02 2.0517e+01 1.2920e+00 -6.3557e+02 4.9852e-02
1.6196e+02 2.0503e+01 1.2934e+00 -6.3581e+02 4.9787e-02
1.6174e+02 2.0489e+01 1.2949e+00 -6.3605e+02 4.9718e-02
1.6152e+02 2.0475e+01 1.2963e+00 -6.3630e+02 4.9650e-02
1.6132e+02 2.0463e+01 1.2978e+00 -6.3654e+02 4.9590e-02
1.6118e+02 2.0454e+01 1.2993e+00 -6.3677e+02 4.9545e-02
1.6109e+02 2.0448e+01 1.3007e+00 -6.3701e+02 4.9518e-02
1.6105e+02 2.0446e+01 1.3022e+00 -6.3723e+02 4.9507e-02
1.6106e+02 2.0446e+01 1.3036e+00 -6.3745e+02 4.9510e-02
1.6110e+02 2.0448e+01 1.3051e+00 -6.3766e+02 4.9521e-02
1.6115e+02 2.0452e+01 1.3066e+00 -6.3786e+02 4.9535e-02
1.6120e+02 2.0455e+01 1.3080e+00 -6.3805e+02 4.9551e-02
1.6125e+02 2.0458e+01 1.3095e+00 -6.3824e+02 4.9566e-02
1.6130e+02 2.0461e+01 1.3110e+00 -6.3841e+02 4.9583e-02
1.6137e+02 2.0466e+01 1.3125e+00 -6.3857e+02 4.9605e-02
1.6147e+02 2.0472e+01 1.3141e+00 -6.3872e+02 4.9636e-02
1.6161e+02 2.0481e+01 1.3156e+00 -6.3887e+02 4.9677e-02
1.6177e+02 2.0491e+01 1.3171e+00 -6.3902e+02 4.9728e-02
1.6196e+02 2.0503e+01 1.3187e+00 -6.3916e+02 4.9784e-02
1.6214e+02 2.0515e+01 1.3202e+00 -6.3930e+02 4.9842e-02
1.6231e+02 2.0525e+01 1.3218e+00 -6.3944e+02 4.9892e-02
1.6243e+02 2.0533e+01 1.3233e+00 -6.3959e+02 4.9932e-02
1.6252e+02 2.0538e+01 1.3249e+00 -6.3974e+02 4.9957e-02
1.6256e+02 2.0541e+01 1.3264e+00 -6.3990e+02 4.9970e-02
1.6257e+02 2.0542e+01 1.3279e+00 -6.4006e+02 4.9974e-02
1.6257e+02 2.0542e+01 1.3295e+00 -6.4023e+02 4.9975e-02
1.6259e+02 2.0543e+01 1.3310e+00 -6.4040e+02 4.9979e-02
1.6263e+02 2.0545e+01 1.3325e+00 -6.4058e+02 4.9991e-02
1.6270e+02 2.0550e+01 1.3341e+00 -6.4076e+02 5.0014e-02
1.6282e+02 2.0557e+01 1.3356e+00 -6.4095e+02 5.0049e-02
1.6296e+02 2.0567e+01 1.3371e+00 -6.4114e+02 5.0094e-02
1.6313e+02 2.0577e+01 1.3387e+00 -6.4133e+02 5.0147e-02
1.6332e+02 2.0589e+01 1.3402e+00 -6.4152e+02 5.0204e-02
1.6351e+02 2.0601e+01 1.3417e+00 -6.4172e+02 5.0263e-02
1.6370e+02 2.0613e+01 1.3433e+00 -6.4192e+02 5.0322e-02
1.6389e+02 2.0625e+01 1.3448e+00 -6.4212e+02 5.0380e-02
1.6408e+02 2.0637e+01 1.3464e+00 -6.4232e+02 5.0437e-02
1.6426e+02 2.0648e+01 1.3480e+00 -6.4252e+02 5.0493e-02
1.6444e+02 2.0659e+01 1.3495e+00 -6.4273e+02 5.0548e-02
1.6461e+02 2.0670e+01 1.3511e+00 -6.4295e+02 5.0601e-02
1.6478e+02 2.0681e+01 1.3526e+00 -6.4317e+02 5.0652e-02
1.6493e+02 2.0690e+01 1.3542e+00 -6.4339e+02 5.0699e-02
1.6506e+02 2.0698e+01 1.3558e+00 -6.4363e+02 5.0739e-02
1.6516e+02 2.0705e+01 1.3574e+00 -6.4387e+02 5.0769e-02
1.6522e+02 2.0708e+01 1.3589e+00 -6.4412e+02 5.0788e-02
1.6524e+02 2.0709e+01 1.3605e+00 -6.4437e+02 5.0793e-02
1.6520e+02 2.0707e+01 1.3621e+00 -6.4463e+02 5.0783e-02
1.6512e+02 2.0702e+01 1.3637e+00 -6.4489e+02 5.0757e-02
1.6498e+02 2.0694e+01 1.3653e+00 -6.4516e+02 5.0715e-02
1.6480e+02 2.0682e+01 1.3668e+00 -6.4543e+02 5.0658e-02
1.6456e+02 2.0667e+01 1.3684e+00 -6.4570e+02 5.0585e-02
1.6427e+02 2.0649e+01 1.3700e+00 -6.4598e+02 5.0497e-02
1.6394e+02 2.0628e+01 1.3715e+00 -6.4625e+02 5.0396e-02
1.6357e+02 2.0605e+01 1.3731e+00 -6.4652e+02 5.0281e-02
1.6316e+02 2.0579e+01 1.3747e+00 -6.4679e+02 5.0156e-02
1.6272e+02 2.0551e+01 1.3762e+00 -6.4706e+02 5.0021e-02
1.6227e+02 2.0523e+01 1.3778e+00 -6.4733e+02 4.9880e-02
1.6180e+02 2.0493e+01 1.3793e+00 -6.4760e+02 4.9737e-02
1.6135e+02 2.0464e+01 1.3809e+00 -6.4786e+02 4.9598e-02
1.6092e+02 2.0437e+01 1.3824e+00 -6.4812e+02 4.9467e-02
1.6054e+02 2.0413e+01 1.3840e+00 -6.4839e+02 4.9350e-02
1.6023e+02 2.0393e+01 1.3855e+00 -6.4865e+02 4.9254e-02
1.6000e+02 2.0378e+01 1.3871e+00 -6.4892e+02 4.9182e-02
1.5985e+02 2.0369e+01 1.3886e+00 -6.4918e+02 4.9137e-02
1.5978e+02 2.0365e+01 1.3901e+00 -6.4945e+02 4.9117e-02
1.5978e+02 2.0365e+01 1.3916e+00 -6.4972e+02 4.9115e-02
1.5980e+02 2.0366e+01 1.3932e+00 -6.5000e+02 4.9123e-02
1.5982e+02 2.0367e+01 1.3947e+00 -6.5027e+02 4.9127e-02
1.5979e+02 2.0365e+01 1.3963e+00 -6.5055e+02 4.9117e-02
1.5969e+02 2.0359e+01 1.3979e+00 -6.5082e+02 4.9089e-02
1.5955e+02 2.0350e+01 1.3994e+00 -6.5110e+02 4.9046e-02
1.5940e+02 2.0341e+01 1.4010e+00 -6.5137e+02 4.9000e-02
1.5930e+02 2.0334e+01 1.4026e+00 -6.5163e+02 4.8967e-02
1.5929e+02 2.0333e+01 1.4041e+00 -6.5188e+02 4.8964e-02
1.5941e+02 2.0341e+01 1.4057e+00 -6.5213e+02 4.9001e-02
1.5967e+02 2.0358e+01 1.4073e+00 -6.5236e+02 4.9082e-02
1.6005e+02 2.0382e+01 1.4088e+00 -6.5258e+02 4.9198e-02
1.6049e+02 2.0410e+01 1.4104e+00 -6.5279e+02 4.9334e-02
1.6093e+02 2.0438e+01 1.4120e+00 -6.5298e+02 4.9470e-02
1.6132e+02 2.0463e+01 1.4135e+00 -6.5316e+02 4.9590e-02
1.6162e+02 2.0481e+01 1.4150e+00 -6.5332e+02 4.9680e-02
1.6180e+02 2.0493e+01 1.4165e+00 -6.5348e+02 4.9737e-02
1.6189e+02 2.0499e+01 1.4180e+00 -6.5363e+02 4.9765e-02
1.6191e+02 2.0500e+01 1.4196e+00 -6.5378e+02 4.9769e-02
1.6188e+02 2.0498e+01 1.4211e+00 -6.5392e+02 4.9761e-02
1.6184e+02 2.0495e+01 1.4226e+00 -6.5407e+02 4.9749e-02
1.6180e+02 2.0493e+01 1.4241e+00 -6.5422e+02 4.9738e-02
1.6178e+02 2.0492e+01 1.4256e+00 -6.5437e+02 4.9731e-02
1.6177e+02 2.0491e+01 1.4271e+00 -6.5454e+02 4.9727e-02
1.6176e+02 2.0490e+01 1.4286e+00 -6.5471e+02 4.9723e-02
1.6173e+02 2.0488e+01 1.4301e+00 -6.5488e+02 4.9715e-02
1.6167e+02 2.0485e+01 1.4316e+00 -6.5507e+02 4.9698e-02
1.6157e+02 2.0479e+01 1.4331e+00 -6.5526e+02 4.9667e-02
1.6143e+02 2.0469e+01 1.4346e+00 -6.5545e+02 4.9622e-02
1.6123e+02 2.0457e+01 1.4361e+00 -6.5566e+02 4.9562e-02
1.6100e+02 2.0442e+01 1.4376e+00 -6.5586e+02 4.9490e-02
1.6074e+02 2.0426e+01 1.4391e+00 -6.5607e+02 4.9411e-02
1.6049e+02 2.0410e+01 1.4406e+00 -6.5628e+02 4.9335e-02
1.6029e+02 2.0397e+01 1.4421e+00 -6.5649e+02 4.9272e-02
1.6016e+02 2.0389e+01 1.4436e+00 -6.5671e+02 4.9232e-02
1.6014e+02 2.0388e+01 1.4451e+00 -6.5692e+02 4.9226e-02
1.6025e+02 2.0394e+01 1.4466e+00 -6.5713e+02 4.9259e-02
1.6048e+02 2.0409e+01 1.4481e+00 -6.5735e+02 4.9331e-02
1.6081e+02 2.0430e+01 1.4496e+00 -6.5756e+02 4.9433e-02
1.6119e+02 2.0455e+01 1.4511e+00 -6.5777e+02 4.9550e-02
1.6157e+02 2.0478e+01 1.4526e+00 -6.5799e+02 4.9666e-02
1.6189e+02 2.0498e+01 1.4541e+00 -6.5821e+02 4.9763e-02
1.6211e+02 2.0513e+01 1.4556e+00 -6.5843e+02 4.9833e-02
1.6225e+02 2.0521e+01 1.4571e+00 -6.5865e+02 4.9874e-02
1.6231e+02 2.0525e+01 1.4586e+00 -6.5888e+02 4.9893e-02
1.6233e+02 2.0527e+01 1.4600e+00 -6.5912e+02 4.9901e-02
1.6236e+02 2.0529e+01 1.4615e+00 -6.5937e+02 4.9910e-02
1.6243e+02 2.0533e+01 1.4630e+00 -6.5962e+02 4.9930e-02
1.6254e+02 2.0540e+01 1.4644e+00 -6.5988e+02 4.9965e-02
1.6271e+02 2.0550e+01 1.4659e+00 -6.6015e+02 5.0016e-02
1.6291e+02 2.0563e+01 1.4673e+00 -6.6043e+02 5.0077e-02
1.6312e+02 2.0576e+01 1.4688e+00 -6.6071e+02 5.0142e-02
1.6331e+02 2.0589e+01 1.4702e+00 -6.6099e+02 5.0202e-02
1.6347e+02 2.0598e+01 1.4717e+00 -6.6128e+02 5.0249e-02
1.6357e+02 2.0605e+01 1.4731e+00 -6.6156e+02 5.0281e-02
1.6362e+02 2.0608e+01 1.4746e+00 -6.6184e+02 5.0295e-02
1.6362e+02 2.0608e+01 1.4760e+00 -6.6212e+02 5.0295e-02
1.6358e+02 2.0606e+01 1.4775e+00 -6.6239e+02 5.0285e-02
1.6354e+02 2.0603e+01 1.4790e+00 -6.6266e+02 5.0270e-02
1.6349e+02 2.0600e+01 1.4804e+00 -6.6291e+02 5.0257e-02
1.6346e+02 2.0598e+01 1.4819e+00 -6.6316e+02 5.0247e-02
1.6345e+02 2.0597e+01 1.4833e+00 -6.6339e+02 5.0245e-02
1.6346e+02 2.0598e+01 1.4847e+00 -6.6362e+02 5.0248e-02
1.6349e+02 2.0600e+01 1.4862e+00 -6.6384e+02 5.0255e-02
1.6351e+02 2.0601e+01 1.4876e+00 -6.6404e+02 5.0264e-02
1.6354e+02 2.0603e+01 1.4891e+00 -6.6424e+02 5.0272e-02
1.6356e+02 2.0604e+01 1.4905e+00 -6.6444e+02 5.0279e-02
1.6359e+02 2.0606e+01 1.4920e+00 -6.6463e+02 5.0287e-02
1.6363e+02 2.0609e+01 1.4934e+00 -6.6482e+02 5.0300e-02
1.6370e+02 2.0613e+01 1.4949e+00 -6.6500e+02 5.0321e-02
1.6381e+02 2.0620e+01 1.4963e+00 -6.6519e+02 5.0354e-02
1.6395e+02 2.0629e+01 1.4978e+00 -6.6538e+02 5.0399e-02
1.6413e+02 2.0640e+01 1.4992e+00 -6.6558e+02 5.0453e-02
1.6432e+02 2.0652e+01 1.5007e+00 -6.6579e+02 5.0511e-02
1.6449e+02 2.0663e+01 1.5021e+00 -6.6600e+02 5.0565e-02
1.6463e+02 2.0672e+01 1.5036e+00 -6.6623e+02 5.0607e-02
1.6472e+02 2.0677e+01 1.5051e+00 -6.6646e+02 5.0633e-02
1.6474e+02 2.0678e+01 1.5065e+00 -6.6671e+02 5.0641e-02
1.6471e+02 2.0677e+01 1.5080e+00 -6.6697e+02 5.0632e-02
1.6464e+02 2.0672e+01 1.5095e+00 -6.6724e+02 5.0610e-02
1.6454e+02 2.0666e+01 1.5109e+00 -6.6752e+02 5.0579e-02
1.6442e+02 2.0658e+01 1.5124e+00 -6.6781e+02 5.0541e-02
1.6428e+02 2.0649e+01 1.5139e+00 -6.6811e+02 5.0498e-02
1.6412e+02 2.0639e+01 1.5154e+00 -6.6841e+02 5.0449e-02
1.6393e+02 2.0628e+01 1.5169e+00 -6.6872e+02 5.0393e-02
1.6372e+02 2.0614e+01 1.5184e+00 -6.6902e+02 5.0326e-02
1.6347e+02 2.0599e+01 1.5199e+00 -6.6932e+02 5.0250e-02
1.6320e+02 2.0582e+01 1.5214e+00 -6.6962e+02 5.0168e-02
1.6293e+02 2.0565e+01 1.5229e+00 -6.6992e+02 5.0085e-02
1.6269e+02 2.0549e+01 1.5244e+00 -6.7020e+02 5.0011e-02
1.6252e+02 2.0539e+01 1.5259e+00 -6.7047e+02 4.9958e-02
1.6245e+02 2.0534e+01 1.5274e+00 -6.7073e+02 4.9938e-02
1.6252e+02 2.0538e+01 1.5289e+00 -6.7098e+02 4.9958e-02
1.6272e+02 2.0551e+01 1.5304e+00 -6.7121e+02 5.0018e-02
1.6302e+02 2.0570e+01 1.5319e+00 -6.7143e+02 5.0112e-02
1.6338e+02 2.0593e+01 1.5334e+00 -6.7164e+02 5.0223e-02
1.6373e+02 2.0615e+01 1.5349e+00 -6.7184e+02 5.0331e-02
1.6401e+02 2.0632e+01 1.5363e+00 -6.7202e+02 5.0416e-02
1.6417e+02 2.0642e+01 1.5378e+00 -6.7219e+02 5.0464e-02
1.6419e+02 2.0644e+01 1.5393e+00 -6.7236e+02 5.0470e-02
1.6409e+02 2.0637e+01 1.5408e+00 -6.7252e+02 5.0439e-02
1.6390e+02 2.0626e+01 1.5423e+00 -6.7268e+02 5.0383e-02
1.6368e+02 2.0612e+01 1.5438e+00 -6.7284e+02 5.0316e-02
1.6348e+02 2.0599e+01 1.5453e+00 -6.7299e+02 5.0253e-02
1.6333e+02 2.0590e+01 1.5469e+00 -6.7315e+02 5.0207e-02
1.6325e+02 2.0585e+01 1.5484e+00 -6.7332e+02 5.0183e-02
1.6325e+02 2.0585e+01 1.5499e+00 -6.7349e+02 5.0183e-02
1.6332e+02 2.0589e+01 1.5515e+00 -6.7366e+02 5.0204e-02
1.6344e+02 2.0596e+01 1.5530e+00 -6.7385e+02 5.0240e-02
1.6357e+02 2.0605e+01 1.5545e+00 -6.7404e+02 5.0282e-02
1.6370e+02 2.0613e+01 1.5560e+00 -6.7424e+02 5.0322e-02
1.6381e+02 2.0620e+01 1.5575e+00 -6.7445e+02 5.0356e-02
1.6389e+02 2.0625e+01 1.5591e+00 -6.7467e+02 5.0379e-02
1.6393e+02 2.0627e+01 1.5606e+00 -6.7490e+02 5.0390e-02
1.6393e+02 2.0627e+01 1.5621e+00 -6.7515e+02 5.0391e-02
1.6389e+02 2.0625e+01 1.5636e+00 -6.7540e+02 5.0381e-02
1.6384e+02 2.0621e+01 1.5651e+00 -6.7566e+02 5.0362e-02
1.6375e+02 2.0616e+01 1.5666e+00 -6.7593e+02 5.0338e-02
1.6366e+02 2.0611e+01 1.5681e+00 -6.7621e+02 5.0309e-02
1.6356e+02 2.0604e+01 1.5696e+00 -6.7650e+02 5.0279e-02
1.6348e+02 2.0599e+01 1.5711e+00 -6.7679e+02 5.0252e-02
1.6341e+02 2.0595e+01 1.5726e+00 -6.7708e+02 5.0231e-02
1.6337e+02 2.0592e+01 1.5741e+00 -6.7737e+02 5.0220e-02
1.6337e+02 2.0592e+01 1.5756e+00 -6.7766e+02 5.0220e-02
1.6342e+02 2.0595e+01 1.5771e+00 -6.7795e+02 5.0233e-02
1.6350e+02 2.0600e+01 1.5786e+00 -6.7823e+02 5.0258e-02
1.6360e+02 2.0607e+01 1.5801e+00 -6.7851e+02 5.0291e-02
1.6373e+02 2.0615e+01 1.5816e+00 -6.7878e+02 5.0330e-02
1.6386e+02 2.0623e+01 1.5831e+00 -6.7905e+02 5.0369e-02
1.6397e+02 2.0630e+01 1.5846e+00 -6.7930e+02 5.0404e-02
1.6407e+02 2.0636e+01 1.5861e+00 -6.7955e+02 5.0433e-02
1.6414e+02 2.0640e+01 1.5876e+00 -6.7980e+02 5.0455e-02
1.6419e+02 2.0644e+01 1.5891e+00 -6.8004e+02 5.0471e-02
1.6422e+02 2.0646e+01 1.5907e+00 -6.8027e+02 5.0482e-02
1.6426e+02 2.0648e+01 1.5922e+00 -6.8051e+02 5.0493e-02
1.6430e+02 2.0651e+01 1.5937e+00 -6.8075e+02 5.0506e-02
1.6437e+02 2.0655e+01 1.5952e+00 -6.8098e+02 5.0526e-02
1.6446e+02 2.0661e+01 1.5967e+00 -6.8122e+02 5.0554e-02
1.6458e+02 2.0668e+01 1.5982e+00 -6.8147e+02 5.0592e-02
1.6474e+02 2.0678e+01 1.5997e+00 -6.8172e+02 5.0639e-02
1.6492e+02 2.0689e+01 1.6012e+00 -6.8198e+02 5.0695e-02
1.6512e+02 2.0702e+01 1.6027e+00 -6.8224e+02 5.0756e-02
1.6533e+02 2.0715e+01 1.6042e+00 -6.8251e+02 5.0822e-02
1.6555e+02 2.0729e+01 1.6057e+00 -6.8278e+02 5.0889e-02
1.6576e+02 2.0742e+01 1.6072e+00 -6.8306e+02 5.0955e-02
1.6597e+02 2.0756e+01 1.6087e+00 -6.8333e+02 5.1020e-02
1.6617e+02 2.0768e+01 1.6102e+00 -6.8361e+02 5.1082e-02
1.6637e+02 2.0780e+01 1.6117e+00 -6.8390e+02 5.1140e-02
1.6655e+02 2.0791e+01 1.6132e+00 -6.8418e+02 5.1196e-02
1.6671e+02 2.0802e+01 1.6147e+00 -6.8446e+02 5.1246e-02
1.6686e+02 2.0811e+01 1.6162e+00 -6.8475e+02 5.1292e-02
1.6698e+02 2.0819e+01 1.6177e+00 -6.8503e+02 5.1330e-02
1.6708e+02 2.0825e+01 1.6192e+00 -6.8531e+02 5.1360e-02
1.6715e+02 2.0829e+01 1.6207e+00 -6.8559e+02 5.1380e-02
1.6717e+02 2.0831e+01 1.6222e+00 -6.8587e+02 5.1389e-02
1.6717e+02 2.0830e+01 1.6236e+00 -6.8614e+02 5.1387e-02
1.6712e+02 2.0827e+01 1.6251e+00 -6.8642e+02 5.1372e-02
1.6704e+02 2.0822e+01 1.6266e+00 -6.8670e+02 5.1346e-02
1.6691e+02 2.0814e+01 1.6281e+00 -6.8697e+02 5.1308e-02
1.6675e+02 2.0804e+01 1.6295e+00 -6.8725e+02 5.1258e-02
1.6655e+02 2.0791e+01 1.6310e+00 -6.8753e+02 5.1196e-02
1.6630e+02 2.0776e+01 1.6325e+00 -6.8780e+02 5.1121e-02
1.6602e+02 2.0759e+01 1.6339e+00 -6.8808e+02 5.1034e-02
1.6570e+02 2.0739e+01 1.6354e+00 -6.8836e+02 5.0936e-02
1.6535e+02 2.0717e+01 1.6368e+00 -6.8864e+02 5.0828e-02
1.6498e+02 2.0694e+01 1.6383e+00 -6.8892e+02 5.0715e-02
1.6462e+02 2.0671e+01 1.6397e+00 -6.8920e+02 5.0602e-02
1.6427e+02 2.0649e+01 1.6412e+00 -6.8948e+02 5.0495e-02
1.6397e+02 2.0630e+01 1.6426e+00 -6.8975e+02 5.0403e-02
1.6374e+02 2.0615e+01 1.6441e+00 -6.9003e+02 5.0332e-02
1.6359e+02 2.0606e+01 1.6455e+00 -6.9030e+02 5.0288e-02
1.6355e+02 2.0603e+01 1.6469e+00 -6.9057e+02 5.0273e-02
1.6359e+02 2.0606e+01 1.6484e+00 -6.9083e+02 5.0288e-02
1.6371e+02 2.0614e+01 1.6498e+00 -6.9109e+02 5.0325e-02
1.6388e+02 2.0624e+01 1.6512e+00 -6.9135e+02 5.0376e-02
1.6405e+02 2.0635e+01 1.6526e+00 -6.9160e+02 5.0429e-02
1.6419e+02 2.0644e+01 1.6540e+00 -6.9185e+02 5.0472e-02
1.6427e+02 2.0649e+01 1.6554e+00 -6.9209e+02 5.0497e-02
1.6427e+02 2.0649e+01 1.6568e+00 -6.9233e+02 5.0496e-02
1.6418e+02 2.0643e+01 1.6582e+00 -6.9257e+02 5.0467e-02
1.6400e+02 2.0632e+01 1.6596e+00 -6.9279e+02 5.0414e-02
1.6376e+02 2.0617e+01 1.6610e+00 -6.9302e+02 5.0339e-02
1.6347e+02 2.0599e+01 1.6624e+00 -6.9323e+02 5.0250e-02
1.6316e+02 2.0579e+01 1.6637e+00 -6.9344e+02 5.0153e-02
1.6283e+02 2.0558e+01 1.6651e+00 -6.9364e+02 5.0054e-02
1.6252e+02 2.0539e+01 1.6665e+00 -6.9384e+02 4.9958e-02
1.6224e+02 2.0521e+01 1.6679e+00 -6.9404e+02 4.9871e-02
1.6200e+02 2.0506e+01 1.6692e+00 -6.9424e+02 4.9798e-02
1.6183e+02 2.0495e+01 1.6706e+00 -6.9444e+02 4.9747e-02
1.6175e+02 2.0490e+01 1.6720e+00 -6.9464e+02 4.9723e-02
1.6178e+02 2.0492e+01 1.6734e+00 -6.9485e+02 4.9731e-02
1.6190e+02 2.0499e+01 1.6748e+00 -6.9507e+02 4.9768e-02
1.6209e+02 2.0511e+01 1.6762e+00 -6.9530e+02 4.9826e-02
1.6229e+02 2.0524e+01 1.6777e+00 -6.9554e+02 4.9887e-02
1.6244e+02 2.0533e+01 1.6791e+00 -6.9579e+02 4.9933e-02
1.6248e+02 2.0536e+01 1.6806e+00 -6.9605e+02 4.9945e-02
1.6238e+02 2.0530e+01 1.6820e+00 -6.9631e+02 4.9914e-02
1.6214e+02 2.0515e+01 1.6834e+00 -6.9657e+02 4.9841e-02
1.6181e+02 2.0493e+01 1.6849e+00 -6.9684e+02 4.9739e-02
1.6144e+02 2.0470e+01 1.6864e+00 -6.9710e+02 4.9625e-02
1.6110e+02 2.0448e+01 1.6878e+00 -6.9736e+02 4.9521e-02
1.6084e+02 2.0432e+01 1.6893e+00 -6.9762e+02 4.9441e-02
1.6069e+02 2.0422e+01 1.6907e+00 -6.9787e+02 4.9395e-02
1.6064e+02 2.0420e+01 1.6922e+00 -6.9812e+02 4.9381e-02
1.6068e+02 2.0422e+01 1.6937e+00 -6.9836e+02 4.9391e-02
1.6074e+02 2.0426e+01 1.6952e+00 -6.9859e+02 4.9412e-02
1.6080e+02 2.0429e+01 1.6966e+00 -6.9882e+02 4.9429e-02
1.6081e+02 2.0430e+01 1.6981e+00 -6.9904e+02 4.9432e-02
1.6075e+02 2.0427e+01 1.6996e+00 -6.9925e+02 4.9415e-02
1.6064e+02 2.0419e+01 1.7011e+00 -6.9945e+02 4.9380e-02
1.6048e+02 2.0409e+01 1.7026e+00 -6.9965e+02 4.9332e-02
1.6031e+02 2.0398e+01 1.7040e+00 -6.9983e+02 4.9277e-02
1.6014e+02 2.0387e+01 1.7055e+00 -7.0001e+02 4.9225e-02
1.5999e+02 2.0378e+01 1.7070e+00 -7.0019e+02 4.9181e-02
1.5989e+02 2.0372e+01 1.7084e+00 -7.0036e+02 4.9149e-02
1.5983e+02 2.0368e+01 1.7099e+00 -7.0053e+02 4.9131e-02
1.5980e+02 2.0366e+01 1.7113e+00 -7.0070e+02 4.9123e-02
1.5980e+02 2.0366e+01 1.7128e+00 -7.0087e+02 4.9122e-02
1.5980e+02 2.0366e+01 1.7142e+00 -7.0103e+02 4.9123e-02
1.5979e+02 2.0366e+01 1.7157e+00 -7.0119e+02 4.9120e-02
1.5976e+02 2.0363e+01 1.7171e+00 -7.0135e+02 4.9109e-02
1.5969e+02 2.0359e+01 1.7186e+00 -7.0151e+02 4.9087e-02
1.5958e+02 2.0352e+01 1.7200e+00 -7.0166e+02 4.9054e-02
1.5944e+02 2.0343e+01 1.7215e+00 -7.0182e+02 4.9011e-02
1.5928e+02 2.0333e+01 1.7229e+00 -7.0196e+02 4.8962e-02
1.5913e+02 2.0323e+01 1.7244e+00 -7.0210e+02 4.8914e-02
1.5900e+02 2.0315e+01 1.7258e+00 -7.0224e+02 4.8875e-02
1.5892e+02 2.0310e+01 1.7273e+00 -7.0238e+02 4.8852e-02
1.5893e+02 2.0310e+01 1.7288e+00 -7.0251e+02 4.8854e-02
1.5903e+02 2.0317e+01 1.7303e+00 -7.0265e+02 4.8886e-02
1.5925e+02 2.0331e+01 1.7317e+00 -7.0278e+02 4.8953e-02
1.5958e+02 2.0352e+01 1.7332e+00 -7.0292e+02 4.9054e-02
1.6001e+02 2.0380e+01 1.7347e+00 -7.0306e+02 4.9188e-02
1.6053e+02 2.0412e+01 1.7362e+00 -7.0321e+02 4.9346e-02
1.6110e+02 2.0448e+01 1.7378e+00 -7.0336e+02 4.9520e-02
1.6168e+02 2.0485e+01 1.7393e+00 -7.0352e+02 4.9699e-02
1.6224e+02 2.0521e+01 1.7407e+00 -7.0369e+02 4.9871e-02
1.6275e+02 2.0553e+01 1.7422e+00 -7.0386e+02 5.0028e-02
1.6319e+02 2.0581e+01 1.7437e+00 -7.0403e+02 5.0163e-02
1.6355e+02 2.0603e+01 1.7452e+00 -7.0421e+02 5.0274e-02
1.6383e+02 2.0621e+01 1.7467e+00 -7.0439e+02 5.0361e-02
1.6405e+02 2.0635e+01 1.7482e+00 -7.0458e+02 5.0427e-02
1.6421e+02 2.0645e+01 1.7497e+00 -7.0477e+02 5.0478e-02
1.6434e+02 2.0653e+01 1.7512e+00 -7.0495e+02 5.0518e-02
1.6446e+02 2.0661e+01 1.7527e+00 -7.0515e+02 5.0554e-02
1.6457e+02 2.0668e+01 1.7542e+00 -7.0534e+02 5.0589e-02
1.6470e+02 2.0676e+01 1.7557e+00 -7.0554e+02 5.0629e-02
1.6484e+02 2.0685e+01 1.7572e+00 -7.0574e+02 5.0672e-02
1.6500e+02 2.0694e+01 1.7587e+00 -7.0595e+02 5.0719e-02
1.6515e+02 2.0704e+01 1.7602e+00 -7.0616e+02 5.0766e-02
1.6528e+02 2.0712e+01 1.7617e+00 -7.0637e+02 5.0807e-02
1.6538e+02 2.0718e+01 1.7632e+00 -7.0659e+02 5.0837e-02
1.6541e+02 2.0721e+01 1.7647e+00 -7.0682e+02 5.0848e-02
1.6537e+02 2.0718e+01 1.7661e+00 -7.0705e+02 5.0834e-02
1.6523e+02 2.0709e+01 1.7676e+00 -7.0730e+02 5.0791e-02
1.6499e+02 2.0694e+01 1.7691e+00 -7.0755e+02 5.0719e-02
1.6468e+02 2.0674e+01 1.7706e+00 -7.0782e+02 5.0620e-02
1.6430e+02 2.0651e+01 1.7721e+00 -7.0809e+02 5.0506e-02
1.6392e+02 2.0627e+01 1.7735e+00 -7.0837e+02 5.0389e-02
1.6358e+02 2.0606e+01 1.7750e+00 -7.0866e+02 5.0285e-02
1.6334e+02 2.0590e+01 1.7765e+00 -7.0895e+02 5.0210e-02
1.6322e+02 2.0583e+01 1.7779e+00 -7.0926e+02 5.0172e-02
1.6321e+02 2.0582e+01 1.7794e+00 -7.0956e+02 5.0172e-02
1.6329e+02 2.0587e+01 1.7809e+00 -7.0987e+02 5.0195e-02
1.6337e+02 2.0592e+01 1.7824e+00 -7.1019e+02 5.0219e-02
1.6337e+02 2.0592e+01 1.7839e+00 -7.1050e+02 5.0219e-02
1.6322e+02 2.0583e+01 1.7853e+00 -7.1082e+02 5.0173e-02
1.6289e+02 2.0562e+01 1.7868e+00 -7.1113e+02 5.0071e-02
1.6238e+02 2.0530e+01 1.7883e+00 -7.1145e+02 4.9916e-02
1.6176e+02 2.0490e+01 1.7897e+00 -7.1177e+02 4.9723e-02
1.6107e+02 2.0447e+01 1.7912e+00 -7.1208e+02 4.9512e-02
1.6040e+02 2.0404e+01 1.7926e+00 -7.1240e+02 4.9306e-02
1.5980e+02 2.0366e+01 1.7941e+00 -7.1271e+02 4.9123e-02
1.5932e+02 2.0335e+01 1.7955e+00 -7.1302e+02 4.8974e-02
1.5896e+02 2.0312e+01 1.7970e+00 -7.1333e+02 4.8863e-02
1.5872e+02 2.0297e+01 1.7985e+00 -7.1364e+02 4.8790e-02
1.5857e+02 2.0288e+01 1.7999e+00 -7.1394e+02 4.8745e-02
1.5848e+02 2.0282e+01 1.8014e+00 -7.1423e+02 4.8716e-02
1.5840e+02 2.0276e+01 1.8028e+00 -7.1451e+02 4.8691e-02
1.5829e+02 2.0269e+01 1.8043e+00 -7.1479e+02 4.8657e-02
1.5811e+02 2.0258e+01 1.8057e+00 -7.1505e+02 4.8604e-02
1.5786e+02 2.0242e+01 1.8071e+00 -7.1531e+02 4.8525e-02
1.5752e+02 2.0220e+01 1.8086e+00 -7.1554e+02 4.8420e-02
1.5709e+02 2.0193e+01 1.8100e+00 -7.1577e+02 4.8290e-02
1.5661e+02 2.0162e+01 1.8115e+00 -7.1597e+02 4.8141e-02
1.5610e+02 2.0129e+01 1.8129e+00 -7.1616e+02 4.7984e-02
1.5559e+02 2.0096e+01 1.8143e+00 -7.1632e+02 4.7827e-02
1.5511e+02 2.0065e+01 1.8157e+00 -7.1646e+02 4.7681e-02
1.5469e+02 2.0038e+01 1.8171e+00 -7.1658e+02 4.7553e-02
1.5435e+02 2.0016e+01 1.8185e+00 -7.1667e+02 4.7446e-02
1.5408e+02 1.9998e+01 1.8199e+00 -7.1673e+02 4.7363e-02
1.5387e+02 1.9984e+01 1.8213e+00 -7.1677e+02 4.7298e-02
1.5371e+02 1.9974e+01 1.8227e+00 -7.1678e+02 4.7249e-02
1.5358e+02 1.9966e+01 1.8241e+00 -7.1677e+02 4.7210e-02
1.5348e+02 1.9959e+01 1.8255e+00 -7.1673e+02 4.7179e-02
1.5339e+02 1.9953e+01 1.8269e+00 -7.1668e+02 4.7152e-02
1.5332e+02 1.9949e+01 1.8282e+00 -7.1661e+02 4.7130e-02
1.5327e+02 1.9945e+01 1.8296e+00 -7.1654e+02 4.7114e-02
1.5323e+02 1.9943e+01 1.8309e+00 -7.1646e+02 4.7102e-02
1.5320e+02 1.9941e+01 1.8323e+00 -7.1637e+02 4.7093e-02
1.5317e+02 1.9939e+01 1.8337e+00 -7.1629e+02 4.7084e-02
1.5314e+02 1.9937e+01 1.8351e+00 -7.1622e+02 4.7075e-02
1.5311e+02 1.9935e+01 1.8365e+00 -7.1616e+02 4.7066e-02
1.5308e+02 1.9933e+01 1.8379e+00 -7.1610e+02 4.7058e-02
1.5307e+02 1.9932e+01 1.8393e+00 -7.1606e+02 4.7053e-02
1.5307e+02 1.9933e+01 1.8407e+00 -7.1603e+02 4.7054e-02
1.5309e+02 1.9934e+01 1.8421e+00 -7.1602e+02 4.7060e-02
1.5312e+02 1.9936e+01 1.8435e+00 -7.1602e+02 4.7069e-02
1.5314e+02 1.9937e+01 1.8448e+00 -7.1604e+02 4.7075e-02
1.5314e+02 1.9937e+01 1.8462e+00 -7.1607e+02 4.7075e-02
1.5310e+02 1.9935e+01 1.8476e+00 -7.1612e+02 4.7063e-02
1.5302e+02 1.9929e+01 1.8490e+00 -7.1618e+02 4.7037e-02
1.5289e+02 1.9921e+01 1.8504e+00 -7.1625e+02 4.6997e-02
1.5271e+02 1.9909e+01 1.8517e+00 -7.1634e+02 4.6943e-02
1.5249e+02 1.9895e+01 1.8530e+00 -7.1643e+02 4.6874e-02
1.5222e+02 1.9877e+01 1.8544e+00 -7.1652e+02 4.6790e-02
1.5188e+02 1.9855e+01 1.8557e+00 -7.1662e+02 4.6687e-02
1.5147e+02 1.9828e+01 1.8570e+00 -7.1673e+02 4.6561e-02
1.5097e+02 1.9795e+01 1.8583e+00 -7.1684e+02 4.6408e-02
1.5039e+02 1.9757e+01 1.8596e+00 -7.1695e+02 4.6228e-02
1.4974e+02 1.9715e+01 1.8610e+00 -7.1705e+02 4.6030e-02
1.4909e+02 1.9671e+01 1.8623e+00 -7.1716e+02 4.5828e-02
1.4848e+02 1.9632e+01 1.8636e+00 -7.1726e+02 4.5643e-02
1.4801e+02 1.9600e+01 1.8650e+00 -7.1735e+02 4.5498e-02
1.4773e+02 1.9581e+01 1.8663e+00 -7.1743e+02 4.5411e-02
1.4766e+02 1.9577e+01 1.8677e+00 -7.1751e+02 4.5390e-02
1.4780e+02 1.9586e+01 1.8691e+00 -7.1757e+02 4.5432e-02
1.4808e+02 1.9605e+01 1.8705e+00 -7.1763e+02 4.5518e-02
1.4842e+02 1.9627e+01 1.8719e+00 -7.1767e+02 4.5623e-02
1.4875e+02 1.9649e+01 1.8733e+00 -7.1771e+02 4.5725e-02
1.4903e+02 1.9668e+01 1.8748e+00 -7.1775e+02 4.5813e-02
1.4928e+02 1.9684e+01 1.8762e+00 -7.1778e+02 4.5889e-02
1.4954e+02 1.9702e+01 1.8777e+00 -7.1780e+02 4.5969e-02
1.4988e+02 1.9724e+01 1.8792e+00 -7.1783e+02 4.6072e-02
1.5035e+02 1.9754e+01 1.8807e+00 -7.1786e+02 4.6216e-02
1.5097e+02 1.9795e+01 1.8822e+00 -7.1789e+02 4.6407e-02
1.5172e+02 1.9845e+01 1.8837e+00 -7.1792e+02 4.6640e-02
1.5256e+02 1.9899e+01 1.8852e+00 -7.1795e+02 4.6897e-02
1.5340e+02 1.9954e+01 1.8868e+00 -7.1797e+02 4.7154e-02
1.5416e+02 2.0003e+01 1.8882e+00 -7.1799e+02 4.7388e-02
1.5478e+02 2.0043e+01 1.8897e+00 -7.1800e+02 4.7578e-02
1.5521e+02 2.0072e+01 1.8912e+00 -7.1800e+02 4.7712e-02
1.5546e+02 2.0087e+01 1.8927e+00 -7.1798e+02 4.7787e-02
1.5551e+02 2.0091e+01 1.8941e+00 -7.1795e+02 4.7804e-02
1.5540e+02 2.0083e+01 1.8956e+00 -7.1790e+02 4.7769e-02
1.5514e+02 2.0067e+01 1.8971e+00 -7.1784e+02 4.7688e-02
1.5475e+02 2.0042e+01 1.8986e+00 -7.1777e+02 4.7571e-02
1.5428e+02 2.0011e+01 1.9001e+00 -7.1768e+02 4.7424e-02
1.5373e+02 1.9975e+01 1.9015e+00 -7.1758e+02 4.7255e-02
1.5313e+02 1.9936e+01 1.9030e+00 -7.1747e+02 4.7072e-02
1.5251e+02 1.9896e+01 1.9045e+00 -7.1735e+02 4.6882e-02
1.5191e+02 1.9857e+01 1.9059e+00 -7.1721e+02 4.6696e-02
1.5135e+02 1.9820e+01 1.9074e+00 -7.1708e+02 4.6524e-02
1.5087e+02 1.9788e+01 1.9088e+00 -7.1694e+02 4.6376e-02
1.5048e+02 1.9763e+01 1.9103e+00 -7.1679e+02 4.6256e-02
1.5018e+02 1.9743e+01 1.9117e+00 -7.1665e+02 4.6165e-02
1.4996e+02 1.9729e+01 1.9132e+00 -7.1652e+02 4.6096e-02
1.4977e+02 1.9717e+01 1.9146e+00 -7.1639e+02 4.6040e-02
1.4959e+02 1.9704e+01 1.9160e+00 -7.1628e+02 4.5983e-02
1.4937e+02 1.9690e+01 1.9175e+00 -7.1618e+02 4.5915e-02
1.4910e+02 1.9672e+01 1.9189e+00 -7.1610e+02 4.5832e-02
1.4878e+02 1.9651e+01 1.9204e+00 -7.1604e+02 4.5733e-02
1.4843e+02 1.9628e+01 1.9218e+00 -7.1599e+02 4.5628e-02
1.4810e+02 1.9606e+01 1.9233e+00 -7.1596e+02 4.5527e-02
1.4783e+02 1.9588e+01 1.9248e+00 -7.1595e+02 4.5442e-02
1.4765e+02 1.9576e+01 1.9262e+00 -7.1596e+02 4.5386e-02
1.4758e+02 1.9572e+01 1.9277e+00 -7.1598e+02 4.5364e-02
1.4763e+02 1.9575e+01 1.9291e+00 -7.1601e+02 4.5380e-02
1.4778e+02 1.9585e+01 1.9305e+00 -7.1604e+02 4.5428e-02
1.4803e+02 1.9602e+01 1.9320e+00 -7.1608e+02 4.5504e-02
1.4833e+02 1.9622e+01 1.9334e+00 -7.1612e+02 4.5596e-02
1.4866e+02 1.9643e+01 1.9349e+00 -7.1615e+02 4.5698e-02
1.4900e+02 1.9666e+01 1.9363e+00 -7.1618e+02 4.5801e-02
1.4931e+02 1.9686e+01 1.9378e+00 -7.1619e+02 4.5898e-02
1.4958e+02 1.9704e+01 1.9393e+00 -7.1620e+02 4.5979e-02
1.4977e+02 1.9716e+01 1.9407e+00 -7.1619e+02 4.6039e-02
1.4986e+02 1.9722e+01 1.9421e+00 -7.1618e+02 4.6067e-02
1.4983e+02 1.9720e+01 1.9435e+00 -7.1616e+02 4.6057e-02
1.4967e+02 1.9710e+01 1.9449e+00 -7.1614e+02 4.6007e-02
1.4937e+02 1.9690e+01 1.9463e+00 -7.1611e+02 4.5916e-02
1.4896e+02 1.9663e+01 1.9477e+00 -7.1609e+02 4.5791e-02
1.4848e+02 1.9631e+01 1.9491e+00 -7.1608e+02 4.5641e-02
1.4796e+02 1.9597e+01 1.9504e+00 -7.1608e+02 4.5483e-02
1.4749e+02 1.9566e+01 1.9518e+00 -7.1609e+02 4.5337e-02
1.4712e+02 1.9541e+01 1.9532e+00 -7.1611e+02 4.5224e-02
1.4694e+02 1.9529e+01 1.9546e+00 -7.1615e+02 4.5169e-02
1.4702e+02 1.9534e+01 1.9560e+00 -7.1620e+02 4.5192e-02
1.4740e+02 1.9560e+01 1.9573e+00 -7.1626e+02 4.5309e-02
1.4809e+02 1.9605e+01 1.9587e+00 -7.1634e+02 4.5522e-02
1.4904e+02 1.9668e+01 1.9601e+00 -7.1643e+02 4.5815e-02
1.5015e+02 1.9742e+01 1.9615e+00 -7.1653e+02 4.6156e-02
1.5127e+02 1.9815e+01 1.9630e+00 -7.1662e+02 4.6501e-02
1.5226e+02 1.9880e+01 1.9644e+00 -7.1672e+02 4.6805e-02
1.5301e+02 1.9929e+01 1.9658e+00 -7.1681e+02 4.7036e-02
1.5350e+02 1.9961e+01 1.9672e+00 -7.1690e+02 4.7186e-02
1.5377e+02 1.9978e+01 1.9687e+00 -7.1698e+02 4.7269e-02
1.5392e+02 1.9988e+01 1.9701e+00 -7.1705e+02 4.7314e-02
1.5404e+02 1.9995e+01 1.9715e+00 -7.1712e+02 4.7351e-02
1.5419e+02 2.0005e+01 1.9729e+00 -7.1718e+02 4.7398e-02
1.5438e+02 2.0018e+01 1.9743e+00 -7.1723e+02 4.7457e-02
1.5456e+02 2.0029e+01 1.9757e+00 -7.1728e+02 4.7510e-02
1.5464e+02 2.0034e+01 1.9771e+00 -7.1734e+02 4.7534e-02
1.5454e+02 2.0028e+01 1.9785e+00 -7.1738e+02 4.7505e-02
1.5424e+02 2.0008e+01 1.9799e+00 -7.1743e+02 4.7412e-02
1.5375e+02 1.9977e+01 1.9813e+00 -7.1748e+02 4.7263e-02
1.5317e+02 1.9939e+01 1.9827e+00 -7.1752e+02 4.7084e-02
1.5262e+02 1.9903e+01 1.9841e+00 -7.1756e+02 4.6914e-02
1.5222e+02 1.9877e+01 1.9856e+00 -7.1759e+02 4.6791e-02
1.5206e+02 1.9866e+01 1.9870e+00 -7.1761e+02 4.6741e-02
1.5216e+02 1.9873e+01 1.9885e+00 -7.1762e+02 4.6775e-02
1.5250e+02 1.9895e+01 1.9899e+00 -7.1763e+02 4.6878e-02
1.5297e+02 1.9926e+01 1.9914e+00 -7.1762e+02 4.7021e-02
1.5344e+02 1.9957e+01 1.9928e+00 -7.1761e+02 4.7168e-02
1.5382e+02 1.9981e+01 1.9943e+00 -7.1759e+02 4.7285e-02
1.5404e+02 1.9995e+01 1.9958e+00 -7.1757e+02 4.7351e-02
1.5407e+02 1.9997e+01 1.9972e+00 -7.1755e+02 4.7359e-02
1.5393e+02 1.9988e+01 1.9987e+00 -7.1752e+02 4.7317e-02
1.5367e+02 1.9972e+01 2.0002e+00 -7.1750e+02 4.7239e-02
1.5336e+02 1.9952e+01 2.0017e+00 -7.1747e+02 4.7143e-02
1.5305e+02 1.9931e+01 2.0031e+00 -7.1746e+02 4.7048e-02
1.5279e+02 1.9914e+01 2.0046e+00 -7.1745e+02 4.6967e-02
1.5259e+02 1.9901e+01 2.0061e+00 -7.1745e+02 4.6906e-02
1.5246e+02 1.9892e+01 2.0076e+00 -7.1746e+02 4.6864e-02
1.5236e+02 1.9886e+01 2.0090e+00 -7.1748e+02 4.6836e-02
1.5229e+02 1.9881e+01 2.0105e+00 -7.1751e+02 4.6813e-02
1.5220e+02 1.9876e+01 2.0120e+00 -7.1756e+02 4.6787e-02
1.5210e+02 1.9869e+01 2.0135e+00 -7.1762e+02 4.6755e-02
1.5200e+02 1.9862e+01 2.0149e+00 -7.1768e+02 4.6723e-02
1.5192e+02 1.9858e+01 2.0164e+00 -7.1776e+02 4.6700e-02
1.5192e+02 1.9857e+01 2.0179e+00 -7.1785e+02 4.6699e-02
1.5203e+02 1.9865e+01 2.0193e+00 -7.1795e+02 4.6733e-02
1.5227e+02 1.9880e+01 2.0208e+00 -7.1806e+02 4.6807e-02
1.5264e+02 1.9904e+01 2.0223e+00 -7.1818e+02 4.6920e-02
1.5309e+02 1.9934e+01 2.0238e+00 -7.1831e+02 4.7059e-02
1.5356e+02 1.9964e+01 2.0253e+00 -7.1844e+02 4.7204e-02
1.5397e+02 1.9991e+01 2.0268e+00 -7.1857e+02 4.7331e-02
1.5427e+02 2.0010e+01 2.0283e+00 -7.1870e+02 4.7421e-02
1.5440e+02 2.0019e+01 2.0298e+00 -7.1883e+02 4.7462e-02
1.5435e+02 2.0016e+01 2.0314e+00 -7.1895e+02 4.7448e-02
1.5414e+02 2.0002e+01 2.0329e+00 -7.1906e+02 4.7383e-02
1.5380e+02 1.9980e+01 2.0344e+00 -7.1916e+02 4.7278e-02
1.5336e+02 1.9952e+01 2.0360e+00 -7.1925e+02 4.7144e-02
1.5287e+02 1.9919e+01 2.0375e+00 -7.1931e+02 4.6991e-02
1.5234e+02 1.9885e+01 2.0390e+00 -7.1936e+02 4.6829e-02
1.5181e+02 1.9850e+01 2.0405e+00 -7.1939e+02 4.6666e-02
1.5130e+02 1.9817e+01 2.0420e+00 -7.1939e+02 4.6508e-02
1.5082e+02 1.9785e+01 2.0435e+00 -7.1937e+02 4.6360e-02
1.5038e+02 1.9756e+01 2.0450e+00 -7.1933e+02 4.6225e-02
1.4999e+02 1.9731e+01 2.0465e+00 -7.1926e+02 4.6107e-02
1.4966e+02 1.9709e+01 2.0480e+00 -7.1917e+02 4.6006e-02
1.4940e+02 1.9692e+01 2.0495e+00 -7.1905e+02 4.5926e-02
1.4921e+02 1.9680e+01 2.0510e+00 -7.1892e+02 4.5868e-02
1.4910e+02 1.9673e+01 2.0525e+00 -7.1878e+02 4.5834e-02
1.4908e+02 1.9671e+01 2.0540e+00 -7.1862e+02 4.5826e-02
1.4913e+02 1.9674e+01 2.0555e+00 -7.1846e+02 4.5842e-02
1.4925e+02 1.9682e+01 2.0571e+00 -7.1829e+02 4.5879e-02
1.4942e+02 1.9694e+01 2.0586e+00 -7.1812e+02 4.5932e-02
1.4963e+02 1.9707e+01 2.0600e+00 -7.1795e+02 4.5996e-02
1.4986e+02 1.9722e+01 2.0615e+00 -7.1779e+02 4.6066e-02
1.5010e+02 1.9738e+01 2.0629e+00 -7.1762e+02 4.6141e-02
1.5037e+02 1.9756e+01 2.0644e+00 -7.1746e+02 4.6222e-02
1.5068e+02 1.9776e+01 2.0658e+00 -7.1730e+02 4.6318e-02
1.5107e+02 1.9802e+01 2.0672e+00 -7.1714e+02 4.6438e-02
1.5157e+02 1.9835e+01 2.0686e+00 -7.1699e+02 4.6593e-02
1.5222e+02 1.9877e+01 2.0701e+00 -7.1684e+02 4.6791e-02
1.5300e+02 1.9928e+01 2.0715e+00 -7.1670e+02 4.7030e-02
1.5388e+02 1.9985e+01 2.0729e+00 -7.1657e+02 4.7303e-02
1.5481e+02 2.0046e+01 2.0743e+00 -7.1645e+02 4.7588e-02
1.5570e+02 2.0103e+01 2.0758e+00 -7.1635e+02 4.7863e-02
1.5648e+02 2.0153e+01 2.0772e+00 -7.1627e+02 4.8101e-02
1.5708e+02 2.0192e+01 2.0787e+00 -7.1621e+02 4.8285e-02
1.5746e+02 2.0217e+01 2.0801e+00 -7.1617e+02 4.8404e-02
1.5764e+02 2.0228e+01 2.0815e+00 -7.1616e+02 4.8457e-02
1.5763e+02 2.0227e+01 2.0830e+00 -7.1619e+02 4.8455e-02
1.5749e+02 2.0218e+01 2.0844e+00 -7.1624e+02 4.8412e-02
1.5727e+02 2.0204e+01 2.0858e+00 -7.1634e+02 4.8344e-02
1.5703e+02 2.0188e+01 2.0872e+00 -7.1646e+02 4.8269e-02
1.5679e+02 2.0173e+01 2.0886e+00 -7.1663e+02 4.8198e-02
1.5659e+02 2.0161e+01 2.0900e+00 -7.1683e+02 4.8136e-02
1.5642e+02 2.0150e+01 2.0914e+00 -7.1706e+02 4.8084e-02
1.5627e+02 2.0140e+01 2.0928e+00 -7.1733e+02 4.8036e-02
1.5609e+02 2.0128e+01 2.0941e+00 -7.1764e+02 4.7981e-02
1.5583e+02 2.0111e+01 2.0955e+00 -7.1797e+02 4.7901e-02
1.5543e+02 2.0086e+01 2.0968e+00 -7.1833e+02 4.7779e-02
1.5484e+02 2.0047e+01 2.0982e+00 -7.1871e+02 4.7598e-02
1.5402e+02 1.9994e+01 2.0996e+00 -7.1911e+02 4.7346e-02
1.5297e+02 1.9926e+01 2.1010e+00 -7.1952e+02 4.7021e-02
1.5171e+02 1.9844e+01 2.1023e+00 -7.1995e+02 4.6634e-02
1.5033e+02 1.9753e+01 2.1037e+00 -7.2038e+02 4.6210e-02
1.4895e+02 1.9662e+01 2.1051e+00 -7.2082e+02 4.5787e-02
1.4774e+02 1.9583e+01 2.1065e+00 -7.2124e+02 4.5416e-02
1.4691e+02 1.9527e+01 2.1080e+00 -7.2166e+02 4.5159e-02
1.4663e+02 1.9509e+01 2.1094e+00 -7.2205e+02 4.5073e-02
1.4703e+02 1.9535e+01 2.1108e+00 -7.2242e+02 4.5196e-02
1.4808e+02 1.9605e+01 2.1122e+00 -7.2275e+02 4.5520e-02
1.4957e+02 1.9703e+01 2.1136e+00 -7.2303e+02 4.5976e-02
1.5111e+02 1.9804e+01 2.1151e+00 -7.2326e+02 4.6449e-02
1.5230e+02 1.9883e+01 2.1165e+00 -7.2343e+02 4.6818e-02
1.5292e+02 1.9922e+01 2.1179e+00 -7.2354e+02 4.7006e-02
1.5291e+02 1.9922e+01 2.1194e+00 -7.2358e+02 4.7003e-02
1.5241e+02 1.9890e+01 2.1208e+00 -7.2355e+02 4.6851e-02
1.5164e+02 1.9839e+01 2.1223e+00 -7.2346e+02 4.6615e-02
1.5079e+02 1.9784e+01 2.1237e+00 -7.2330e+02 4.6353e-02
1.5000e+02 1.9732e+01 2.1252e+00 -7.2309e+02 4.6109e-02
1.4934e+02 1.9688e+01 2.1267e+00 -7.2282e+02 4.5906e-02
1.4884e+02 1.9655e+01 2.1282e+00 -7.2250e+02 4.5752e-02
1.4851e+02 1.9633e+01 2.1296e+00 -7.2213e+02 4.5650e-02
1.4833e+02 1.9622e+01 2.1311e+00 -7.2172e+02 4.5598e-02
1.4831e+02 1.9620e+01 2.1325e+00 -7.2128e+02 4.5591e-02
1.4843e+02 1.9628e+01 2.1340e+00 -7.2082e+02 4.5627e-02
1.4868e+02 1.9644e+01 2.1355e+00 -7.2033e+02 4.5703e-02
1.4902e+02 1.9667e+01 2.1369e+00 -7.1985e+02 4.5810e-02
1.4943e+02 1.9694e+01 2.1384e+00 -7.1938e+02 4.5934e-02
1.4982e+02 1.9720e+01 2.1399e+00 -7.1893e+02 4.6054e-02
1.5011e+02 1.9739e+01 2.1413e+00 -7.1853e+02 4.6144e-02
1.5022e+02 1.9746e+01 2.1428e+00 -7.1816e+02 4.6178e-02
1.5009e+02 1.9738e+01 2.1443e+00 -7.1786e+02 4.6139e-02
1.4972e+02 1.9713e+01 2.1457e+00 -7.1761e+02 4.6024e-02
1.4914e+02 1.9675e+01 2.1472e+00 -7.1743e+02 4.5847e-02
1.4846e+02 1.9630e+01 2.1487e+00 -7.1731e+02 4.5635e-02
1.4777e+02 1.9585e+01 2.1502e+00 -7.1725e+02 4.5425e-02
1.4721e+02 1.9547e+01 2.1517e+00 -7.1725e+02 4.5252e-02
1.4687e+02 1.9524e+01 2.1532e+00 -7.1730e+02 4.5147e-02
1.4681e+02 1.9521e+01 2.1547e+00 -7.1741e+02 4.5129e-02
1.4707e+02 1.9538e+01 2.1562e+00 -7.1756e+02 4.5209e-02
1.4766e+02 1.9577e+01 2.1576e+00 -7.1774e+02 4.5390e-02
1.4855e+02 1.9636e+01 2.1591e+00 -7.1795e+02 4.5664e-02
1.4970e+02 1.9712e+01 2.1606e+00 -7.1819e+02 4.6018e-02
1.5102e+02 1.9799e+01 2.1621e+00 -7.1843e+02 4.6424e-02
1.5239e+02 1.9888e+01 2.1636e+00 -7.1869e+02 4.6845e-02
